  * /home/radhadk260501/esim-workspace/mixed_circuit_mux/mixed_circuit_mux.cir
  Transient Analysis  Wed Mar  2 10:24:53  2022
--------------------------------------------------------------------------------
Index   time            a3#branch_1_0   v1#branch       v2#branch       
--------------------------------------------------------------------------------
0	0.000000e+00	0.000000e+00	0.000000e+00	0.000000e+00	
1	1.000000e-05	0.000000e+00	0.000000e+00	0.000000e+00	
2	2.000000e-05	0.000000e+00	0.000000e+00	0.000000e+00	
3	4.000000e-05	0.000000e+00	0.000000e+00	0.000000e+00	
4	8.000000e-05	0.000000e+00	0.000000e+00	0.000000e+00	
5	1.600000e-04	0.000000e+00	0.000000e+00	0.000000e+00	
6	3.200000e-04	0.000000e+00	0.000000e+00	0.000000e+00	
7	6.400000e-04	0.000000e+00	0.000000e+00	0.000000e+00	
8	1.000000e-03	0.000000e+00	0.000000e+00	0.000000e+00	
9	1.064000e-03	0.000000e+00	0.000000e+00	0.000000e+00	
10	1.192000e-03	0.000000e+00	0.000000e+00	0.000000e+00	
11	1.448000e-03	0.000000e+00	0.000000e+00	0.000000e+00	
12	1.448002e-03	0.000000e+00	0.000000e+00	0.000000e+00	
13	1.448002e-03	-4.00000e-05	0.000000e+00	0.000000e+00	
14	1.448002e-03	-1.20000e-04	0.000000e+00	0.000000e+00	
15	1.448002e-03	-1.99373e-04	0.000000e+00	0.000000e+00	
16	1.448002e-03	-2.94466e-04	0.000000e+00	0.000000e+00	
17	1.448002e-03	-4.84652e-04	0.000000e+00	0.000000e+00	
18	1.448002e-03	-8.65024e-04	0.000000e+00	0.000000e+00	
19	1.448002e-03	-1.62577e-03	0.000000e+00	0.000000e+00	
20	1.448003e-03	-3.14726e-03	0.000000e+00	0.000000e+00	
21	1.448003e-03	-5.00000e-03	0.000000e+00	0.000000e+00	
22	1.448003e-03	-5.00000e-03	0.000000e+00	0.000000e+00	
23	1.448003e-03	-5.00000e-03	0.000000e+00	0.000000e+00	
24	1.448003e-03	-5.00000e-03	0.000000e+00	0.000000e+00	
25	1.448004e-03	-4.99999e-03	0.000000e+00	0.000000e+00	
26	1.448004e-03	-4.99999e-03	0.000000e+00	0.000000e+00	
27	1.448006e-03	-4.99998e-03	0.000000e+00	0.000000e+00	
28	1.448008e-03	-4.99997e-03	0.000000e+00	0.000000e+00	
29	1.448014e-03	-4.99994e-03	0.000000e+00	0.000000e+00	
30	1.448025e-03	-4.99989e-03	0.000000e+00	0.000000e+00	
31	1.448047e-03	-4.99978e-03	0.000000e+00	0.000000e+00	
32	1.448091e-03	-4.99956e-03	0.000000e+00	0.000000e+00	
33	1.448179e-03	-4.99912e-03	0.000000e+00	0.000000e+00	
34	1.448355e-03	-4.99824e-03	0.000000e+00	0.000000e+00	
35	1.448706e-03	-4.99648e-03	0.000000e+00	0.000000e+00	
36	1.449409e-03	-4.99297e-03	0.000000e+00	0.000000e+00	
37	1.450816e-03	-4.98595e-03	0.000000e+00	0.000000e+00	
38	1.453628e-03	-4.97195e-03	0.000000e+00	0.000000e+00	
39	1.459254e-03	-4.94406e-03	0.000000e+00	0.000000e+00	
40	1.470505e-03	-4.88874e-03	0.000000e+00	0.000000e+00	
41	1.493007e-03	-4.77996e-03	0.000000e+00	0.000000e+00	
42	1.538011e-03	-4.56958e-03	0.000000e+00	0.000000e+00	
43	1.628020e-03	-4.17599e-03	0.000000e+00	0.000000e+00	
44	1.808037e-03	-3.48632e-03	0.000000e+00	0.000000e+00	
45	2.000000e-03	-2.87568e-03	0.000000e+00	0.000000e+00	
46	2.036003e-03	-2.77575e-03	0.000000e+00	0.000000e+00	
47	2.108010e-03	-2.58282e-03	0.000000e+00	0.000000e+00	
48	2.252024e-03	-2.23584e-03	0.000000e+00	0.000000e+00	
49	2.540051e-03	-1.67293e-03	0.000000e+00	0.000000e+00	
50	3.116105e-03	-9.24730e-04	0.000000e+00	0.000000e+00	
51	3.655319e-03	-5.31989e-04	0.000000e+00	0.000000e+00	
52	4.406679e-03	-2.41431e-04	0.000000e+00	0.000000e+00	
53	5.164869e-03	-1.08698e-04	0.000000e+00	0.000000e+00	
54	6.293456e-03	-3.02761e-05	0.000000e+00	0.000000e+00	

Index   time            a3#branch_1_0   v1#branch       v2#branch       
--------------------------------------------------------------------------------
55	7.579805e-03	-6.57464e-06	0.000000e+00	0.000000e+00	
56	9.640379e-03	9.807851e-08	0.000000e+00	0.000000e+00	
57	1.244172e-02	-1.63693e-08	0.000000e+00	0.000000e+00	
58	1.804442e-02	7.756938e-09	0.000000e+00	0.000000e+00	
59	2.924980e-02	-5.40731e-09	0.000000e+00	0.000000e+00	
60	5.166056e-02	4.521255e-09	0.000000e+00	0.000000e+00	
61	9.648209e-02	-4.13500e-09	0.000000e+00	0.000000e+00	
62	1.861251e-01	3.954518e-09	0.000000e+00	0.000000e+00	
63	3.654112e-01	-3.86726e-09	0.000000e+00	0.000000e+00	
64	7.239835e-01	3.824362e-09	0.000000e+00	0.000000e+00	
65	1.441128e+00	-3.80309e-09	0.000000e+00	0.000000e+00	
66	2.241128e+00	3.784122e-09	0.000000e+00	0.000000e+00	
67	2.502000e+00	-3.72654e-09	0.000000e+00	0.000000e+00	
68	2.502100e+00	-3.38776e-09	0.000000e+00	0.000000e+00	
69	2.502300e+00	-2.77181e-09	0.000000e+00	0.000000e+00	
70	2.502700e+00	-1.84787e-09	0.000000e+00	0.000000e+00	
71	2.503000e+00	-1.36582e-09	0.000000e+00	0.000000e+00	
72	2.503080e+00	-1.26465e-09	0.000000e+00	0.000000e+00	
73	2.503240e+00	-1.07729e-09	0.000000e+00	0.000000e+00	
74	2.503560e+00	-7.80108e-10	0.000000e+00	0.000000e+00	
75	2.504200e+00	-4.01874e-10	0.000000e+00	0.000000e+00	
76	2.505480e+00	-8.82161e-11	0.000000e+00	0.000000e+00	
77	2.508040e+00	1.083356e-11	0.000000e+00	0.000000e+00	
78	2.513160e+00	-4.74729e-12	0.000000e+00	0.000000e+00	
79	2.523400e+00	3.195891e-12	0.000000e+00	0.000000e+00	
80	2.543880e+00	-2.62723e-12	0.000000e+00	0.000000e+00	
81	2.584840e+00	2.382605e-12	0.000000e+00	0.000000e+00	
82	2.666760e+00	-2.26904e-12	0.000000e+00	0.000000e+00	
83	2.830600e+00	2.214312e-12	0.000000e+00	0.000000e+00	
84	3.158280e+00	-2.18745e-12	0.000000e+00	0.000000e+00	
85	3.813640e+00	2.174136e-12	0.000000e+00	0.000000e+00	
86	4.613640e+00	-2.16329e-12	0.000000e+00	0.000000e+00	
87	5.001000e+00	2.141067e-12	0.000000e+00	0.000000e+00	
88	5.001100e+00	1.946423e-12	0.000000e+00	0.000000e+00	
89	5.001300e+00	1.592526e-12	0.000000e+00	0.000000e+00	
90	5.001700e+00	1.061683e-12	0.000000e+00	0.000000e+00	
91	5.002000e+00	7.847230e-13	0.000000e+00	0.000000e+00	
92	5.002080e+00	7.265967e-13	0.000000e+00	0.000000e+00	
93	5.002240e+00	6.189545e-13	0.000000e+00	0.000000e+00	
94	5.002560e+00	4.482109e-13	0.000000e+00	0.000000e+00	
95	5.003000e+00	2.865624e-13	0.000000e+00	0.000000e+00	
96	5.003000e+00	2.865616e-13	0.000000e+00	0.000000e+00	
97	5.003000e+00	5.000000e-04	0.000000e+00	0.000000e+00	
98	5.003000e+00	1.500000e-03	0.000000e+00	0.000000e+00	
99	5.003000e+00	3.499999e-03	0.000000e+00	0.000000e+00	
100	5.003000e+00	4.999997e-03	0.000000e+00	0.000000e+00	
101	5.003000e+00	4.999997e-03	0.000000e+00	0.000000e+00	
102	5.003000e+00	4.999996e-03	0.000000e+00	0.000000e+00	
103	5.003000e+00	4.999995e-03	0.000000e+00	0.000000e+00	
104	5.003000e+00	4.999991e-03	0.000000e+00	0.000000e+00	
105	5.003000e+00	4.999985e-03	0.000000e+00	0.000000e+00	
106	5.003000e+00	4.999972e-03	0.000000e+00	0.000000e+00	
107	5.003000e+00	4.999947e-03	0.000000e+00	0.000000e+00	
108	5.003000e+00	4.999895e-03	0.000000e+00	0.000000e+00	
109	5.003000e+00	4.999793e-03	0.000000e+00	0.000000e+00	
110	5.003000e+00	4.999588e-03	0.000000e+00	0.000000e+00	
111	5.003000e+00	4.999179e-03	0.000000e+00	0.000000e+00	
112	5.003000e+00	4.998360e-03	0.000000e+00	0.000000e+00	

Index   time            a3#branch_1_0   v1#branch       v2#branch       
--------------------------------------------------------------------------------
113	5.003001e+00	4.996722e-03	0.000000e+00	0.000000e+00	
114	5.003001e+00	4.993449e-03	0.000000e+00	0.000000e+00	
115	5.003003e+00	4.986908e-03	0.000000e+00	0.000000e+00	
116	5.003005e+00	4.973852e-03	0.000000e+00	0.000000e+00	
117	5.003010e+00	4.947843e-03	0.000000e+00	0.000000e+00	
118	5.003021e+00	4.896232e-03	0.000000e+00	0.000000e+00	
119	5.003042e+00	4.794616e-03	0.000000e+00	0.000000e+00	
120	5.003084e+00	4.597646e-03	0.000000e+00	0.000000e+00	
121	5.003168e+00	4.227493e-03	0.000000e+00	0.000000e+00	
122	5.003336e+00	3.573129e-03	0.000000e+00	0.000000e+00	
123	5.003671e+00	2.546436e-03	0.000000e+00	0.000000e+00	
124	5.004062e+00	1.714198e-03	0.000000e+00	0.000000e+00	
125	5.004435e+00	1.174949e-03	0.000000e+00	0.000000e+00	
126	5.004833e+00	7.848373e-04	0.000000e+00	0.000000e+00	
127	5.005207e+00	5.379100e-04	0.000000e+00	0.000000e+00	
128	5.005597e+00	3.622219e-04	0.000000e+00	0.000000e+00	
129	5.005972e+00	2.476847e-04	0.000000e+00	0.000000e+00	
130	5.006361e+00	1.670610e-04	0.000000e+00	0.000000e+00	
131	5.006739e+00	1.139540e-04	0.000000e+00	0.000000e+00	
132	5.007126e+00	7.700324e-05	0.000000e+00	0.000000e+00	
133	5.007505e+00	5.245431e-05	0.000000e+00	0.000000e+00	
134	5.007891e+00	3.549127e-05	0.000000e+00	0.000000e+00	
135	5.008272e+00	2.415078e-05	0.000000e+00	0.000000e+00	
136	5.008656e+00	1.635518e-05	0.000000e+00	0.000000e+00	
137	5.009037e+00	1.112093e-05	0.000000e+00	0.000000e+00	
138	5.009422e+00	7.536045e-06	0.000000e+00	0.000000e+00	
139	5.009803e+00	5.121518e-06	0.000000e+00	0.000000e+00	
140	5.010187e+00	3.472142e-06	0.000000e+00	0.000000e+00	
141	5.010569e+00	2.358783e-06	0.000000e+00	0.000000e+00	
142	5.010953e+00	1.599656e-06	0.000000e+00	0.000000e+00	
143	5.011335e+00	1.086425e-06	0.000000e+00	0.000000e+00	
144	5.011718e+00	7.369494e-07	0.000000e+00	0.000000e+00	
145	5.012100e+00	5.004115e-07	0.000000e+00	0.000000e+00	
146	5.012484e+00	3.394970e-07	0.000000e+00	0.000000e+00	
147	5.012866e+00	2.304974e-07	0.000000e+00	0.000000e+00	
148	5.013249e+00	1.563958e-07	0.000000e+00	0.000000e+00	
149	5.013632e+00	1.061727e-07	0.000000e+00	0.000000e+00	
150	5.014015e+00	7.204563e-08	0.000000e+00	0.000000e+00	
151	5.014397e+00	4.890635e-08	0.000000e+00	0.000000e+00	
152	5.014780e+00	3.318834e-08	0.000000e+00	0.000000e+00	
153	5.015163e+00	2.252795e-08	0.000000e+00	0.000000e+00	
154	5.015546e+00	1.528833e-08	0.000000e+00	0.000000e+00	
155	5.015928e+00	1.037722e-08	0.000000e+00	0.000000e+00	
156	5.016311e+00	7.042586e-09	0.000000e+00	0.000000e+00	
157	5.016694e+00	4.780157e-09	0.000000e+00	0.000000e+00	
158	5.017077e+00	3.244162e-09	0.000000e+00	0.000000e+00	
159	5.017460e+00	2.201937e-09	0.000000e+00	0.000000e+00	
160	5.017842e+00	1.494417e-09	0.000000e+00	0.000000e+00	
161	5.018225e+00	1.014305e-09	0.000000e+00	0.000000e+00	
162	5.018608e+00	6.883990e-10	0.000000e+00	0.000000e+00	
163	5.018991e+00	4.672325e-10	0.000000e+00	0.000000e+00	
164	5.019373e+00	3.171086e-10	0.000000e+00	0.000000e+00	
165	5.019793e+00	2.071094e-10	0.000000e+00	0.000000e+00	
166	5.020276e+00	1.265823e-10	0.000000e+00	0.000000e+00	
167	5.020850e+00	7.012670e-11	0.000000e+00	0.000000e+00	
168	5.021550e+00	3.377321e-11	0.000000e+00	0.000000e+00	
169	5.022441e+00	1.294992e-11	0.000000e+00	0.000000e+00	
170	5.023647e+00	3.206565e-12	0.000000e+00	0.000000e+00	

Index   time            a3#branch_1_0   v1#branch       v2#branch       
--------------------------------------------------------------------------------
171	5.025431e+00	1.828443e-13	0.000000e+00	0.000000e+00	
172	5.028443e+00	-3.69111e-14	0.000000e+00	0.000000e+00	
173	5.034466e+00	1.850950e-14	0.000000e+00	0.000000e+00	
174	5.046513e+00	-1.32387e-14	0.000000e+00	0.000000e+00	
175	5.070607e+00	1.120933e-14	0.000000e+00	0.000000e+00	
176	5.118795e+00	-1.03159e-14	0.000000e+00	0.000000e+00	
177	5.215170e+00	9.896480e-15	0.000000e+00	0.000000e+00	
178	5.407921e+00	-9.69321e-15	0.000000e+00	0.000000e+00	
179	5.793421e+00	9.593156e-15	0.000000e+00	0.000000e+00	
180	6.564423e+00	-9.54352e-15	0.000000e+00	0.000000e+00	
181	7.364423e+00	9.495917e-15	0.000000e+00	0.000000e+00	
182	7.502000e+00	-9.22378e-15	0.000000e+00	0.000000e+00	
183	7.502100e+00	-8.38526e-15	0.000000e+00	0.000000e+00	
184	7.502300e+00	-6.86066e-15	0.000000e+00	0.000000e+00	
185	7.502700e+00	-4.57378e-15	0.000000e+00	0.000000e+00	
186	7.503000e+00	-3.38062e-15	0.000000e+00	0.000000e+00	
187	7.503080e+00	-3.13020e-15	0.000000e+00	0.000000e+00	
188	7.503240e+00	-2.66647e-15	0.000000e+00	0.000000e+00	
189	7.503560e+00	-1.93089e-15	0.000000e+00	0.000000e+00	
190	7.504200e+00	-9.94701e-16	0.000000e+00	0.000000e+00	
191	7.505480e+00	-2.18349e-16	0.000000e+00	0.000000e+00	
192	7.508040e+00	2.681479e-17	0.000000e+00	0.000000e+00	
193	7.513160e+00	-1.17503e-17	0.000000e+00	0.000000e+00	
194	7.523400e+00	7.910334e-18	0.000000e+00	0.000000e+00	
195	7.543880e+00	-6.50280e-18	0.000000e+00	0.000000e+00	
196	7.584840e+00	5.897326e-18	0.000000e+00	0.000000e+00	
197	7.666760e+00	-5.61623e-18	0.000000e+00	0.000000e+00	
198	7.830600e+00	5.480772e-18	0.000000e+00	0.000000e+00	
199	8.158280e+00	-5.41427e-18	0.000000e+00	0.000000e+00	
200	8.813640e+00	5.381328e-18	0.000000e+00	0.000000e+00	
201	9.613640e+00	-5.35449e-18	0.000000e+00	0.000000e+00	
202	1.000100e+01	5.299480e-18	0.000000e+00	0.000000e+00	
203	1.000110e+01	4.817710e-18	0.000000e+00	0.000000e+00	
204	1.000130e+01	3.941762e-18	0.000000e+00	0.000000e+00	
205	1.000130e+01	3.941754e-18	0.000000e+00	0.000000e+00	
206	1.000130e+01	-4.00036e-05	0.000000e+00	0.000000e+00	
207	1.000130e+01	-1.20002e-04	0.000000e+00	0.000000e+00	
208	1.000130e+01	-1.99378e-04	0.000000e+00	0.000000e+00	
209	1.000130e+01	-2.94467e-04	0.000000e+00	0.000000e+00	
210	1.000130e+01	-4.84643e-04	0.000000e+00	0.000000e+00	
211	1.000130e+01	-8.64997e-04	0.000000e+00	0.000000e+00	
212	1.000130e+01	-1.62571e-03	0.000000e+00	0.000000e+00	
213	1.000130e+01	-3.14714e-03	0.000000e+00	0.000000e+00	
214	1.000130e+01	-5.00000e-03	0.000000e+00	0.000000e+00	
215	1.000130e+01	-5.00000e-03	0.000000e+00	0.000000e+00	
216	1.000130e+01	-5.00000e-03	0.000000e+00	0.000000e+00	
217	1.000130e+01	-5.00000e-03	0.000000e+00	0.000000e+00	
218	1.000130e+01	-4.99999e-03	0.000000e+00	0.000000e+00	
219	1.000130e+01	-4.99999e-03	0.000000e+00	0.000000e+00	
220	1.000130e+01	-4.99998e-03	0.000000e+00	0.000000e+00	
221	1.000130e+01	-4.99997e-03	0.000000e+00	0.000000e+00	
222	1.000130e+01	-4.99994e-03	0.000000e+00	0.000000e+00	
223	1.000130e+01	-4.99989e-03	0.000000e+00	0.000000e+00	
224	1.000130e+01	-4.99978e-03	0.000000e+00	0.000000e+00	
225	1.000130e+01	-4.99956e-03	0.000000e+00	0.000000e+00	
226	1.000130e+01	-4.99912e-03	0.000000e+00	0.000000e+00	
227	1.000130e+01	-4.99824e-03	0.000000e+00	0.000000e+00	
228	1.000130e+01	-4.99648e-03	0.000000e+00	0.000000e+00	

Index   time            a3#branch_1_0   v1#branch       v2#branch       
--------------------------------------------------------------------------------
229	1.000130e+01	-4.99297e-03	0.000000e+00	0.000000e+00	
230	1.000130e+01	-4.98595e-03	0.000000e+00	0.000000e+00	
231	1.000131e+01	-4.97195e-03	0.000000e+00	0.000000e+00	
232	1.000131e+01	-4.94406e-03	0.000000e+00	0.000000e+00	
233	1.000132e+01	-4.88874e-03	0.000000e+00	0.000000e+00	
234	1.000135e+01	-4.77996e-03	0.000000e+00	0.000000e+00	
235	1.000139e+01	-4.56957e-03	0.000000e+00	0.000000e+00	
236	1.000148e+01	-4.17597e-03	0.000000e+00	0.000000e+00	
237	1.000166e+01	-3.48629e-03	0.000000e+00	0.000000e+00	
238	1.000200e+01	-2.47329e-03	0.000000e+00	0.000000e+00	
239	1.000204e+01	-2.38734e-03	0.000000e+00	0.000000e+00	
240	1.000211e+01	-2.22140e-03	0.000000e+00	0.000000e+00	
241	1.000225e+01	-1.92298e-03	0.000000e+00	0.000000e+00	
242	1.000254e+01	-1.43882e-03	0.000000e+00	0.000000e+00	
243	1.000300e+01	-9.00784e-04	0.000000e+00	0.000000e+00	
244	1.000306e+01	-8.51720e-04	0.000000e+00	0.000000e+00	
245	1.000317e+01	-7.58935e-04	0.000000e+00	0.000000e+00	
246	1.000340e+01	-6.02123e-04	0.000000e+00	0.000000e+00	
247	1.000386e+01	-3.76600e-04	0.000000e+00	0.000000e+00	
248	1.000479e+01	-1.38989e-04	0.000000e+00	0.000000e+00	
249	1.000575e+01	-4.83581e-05	0.000000e+00	0.000000e+00	
250	1.000709e+01	-9.59050e-06	0.000000e+00	0.000000e+00	
251	1.000866e+01	-1.16361e-06	0.000000e+00	0.000000e+00	
252	1.001139e+01	1.788557e-07	0.000000e+00	0.000000e+00	
253	1.001560e+01	-6.36941e-08	0.000000e+00	0.000000e+00	
254	1.002402e+01	3.925439e-08	0.000000e+00	0.000000e+00	
255	1.004087e+01	-3.09243e-08	0.000000e+00	0.000000e+00	
256	1.007457e+01	2.745923e-08	0.000000e+00	0.000000e+00	
257	1.014197e+01	-2.58765e-08	0.000000e+00	0.000000e+00	
258	1.027676e+01	2.511986e-08	0.000000e+00	0.000000e+00	
259	1.054635e+01	-2.47499e-08	0.000000e+00	0.000000e+00	
260	1.108553e+01	2.456696e-08	0.000000e+00	0.000000e+00	
261	1.188553e+01	-2.44444e-08	0.000000e+00	0.000000e+00	
262	1.250200e+01	2.428633e-08	0.000000e+00	0.000000e+00	
263	1.250210e+01	2.207848e-08	0.000000e+00	0.000000e+00	
264	1.250230e+01	1.806421e-08	0.000000e+00	0.000000e+00	
265	1.250270e+01	1.204281e-08	0.000000e+00	0.000000e+00	
266	1.250300e+01	8.901207e-09	0.000000e+00	0.000000e+00	
267	1.250300e+01	8.901189e-09	0.000000e+00	0.000000e+00	
268	1.250300e+01	5.000089e-04	0.000000e+00	0.000000e+00	
269	1.250300e+01	1.500009e-03	0.000000e+00	0.000000e+00	
270	1.250300e+01	3.500008e-03	0.000000e+00	0.000000e+00	
271	1.250300e+01	5.000006e-03	0.000000e+00	0.000000e+00	
272	1.250300e+01	5.000006e-03	0.000000e+00	0.000000e+00	
273	1.250300e+01	5.000005e-03	0.000000e+00	0.000000e+00	
274	1.250300e+01	5.000004e-03	0.000000e+00	0.000000e+00	
275	1.250300e+01	5.000000e-03	0.000000e+00	0.000000e+00	
276	1.250300e+01	4.999994e-03	0.000000e+00	0.000000e+00	
277	1.250300e+01	4.999981e-03	0.000000e+00	0.000000e+00	
278	1.250300e+01	4.999956e-03	0.000000e+00	0.000000e+00	
279	1.250300e+01	4.999904e-03	0.000000e+00	0.000000e+00	
280	1.250300e+01	4.999802e-03	0.000000e+00	0.000000e+00	
281	1.250300e+01	4.999597e-03	0.000000e+00	0.000000e+00	
282	1.250300e+01	4.999188e-03	0.000000e+00	0.000000e+00	
283	1.250300e+01	4.998369e-03	0.000000e+00	0.000000e+00	
284	1.250300e+01	4.996731e-03	0.000000e+00	0.000000e+00	
285	1.250300e+01	4.993457e-03	0.000000e+00	0.000000e+00	
286	1.250300e+01	4.986917e-03	0.000000e+00	0.000000e+00	

Index   time            a3#branch_1_0   v1#branch       v2#branch       
--------------------------------------------------------------------------------
287	1.250301e+01	4.973861e-03	0.000000e+00	0.000000e+00	
288	1.250301e+01	4.947852e-03	0.000000e+00	0.000000e+00	
289	1.250302e+01	4.896240e-03	0.000000e+00	0.000000e+00	
290	1.250304e+01	4.794624e-03	0.000000e+00	0.000000e+00	
291	1.250308e+01	4.597654e-03	0.000000e+00	0.000000e+00	
292	1.250317e+01	4.227500e-03	0.000000e+00	0.000000e+00	
293	1.250334e+01	3.573135e-03	0.000000e+00	0.000000e+00	
294	1.250367e+01	2.546441e-03	0.000000e+00	0.000000e+00	
295	1.250406e+01	1.714201e-03	0.000000e+00	0.000000e+00	
296	1.250444e+01	1.174951e-03	0.000000e+00	0.000000e+00	
297	1.250483e+01	7.848387e-04	0.000000e+00	0.000000e+00	
298	1.250521e+01	5.379109e-04	0.000000e+00	0.000000e+00	
299	1.250560e+01	3.622225e-04	0.000000e+00	0.000000e+00	
300	1.250597e+01	2.476851e-04	0.000000e+00	0.000000e+00	
301	1.250636e+01	1.670613e-04	0.000000e+00	0.000000e+00	
302	1.250674e+01	1.139542e-04	0.000000e+00	0.000000e+00	
303	1.250713e+01	7.700338e-05	0.000000e+00	0.000000e+00	
304	1.250751e+01	5.245440e-05	0.000000e+00	0.000000e+00	
305	1.250789e+01	3.549133e-05	0.000000e+00	0.000000e+00	
306	1.250827e+01	2.415082e-05	0.000000e+00	0.000000e+00	
307	1.250866e+01	1.635521e-05	0.000000e+00	0.000000e+00	
308	1.250904e+01	1.112095e-05	0.000000e+00	0.000000e+00	
309	1.250942e+01	7.536059e-06	0.000000e+00	0.000000e+00	
310	1.250980e+01	5.121527e-06	0.000000e+00	0.000000e+00	
311	1.251019e+01	3.472149e-06	0.000000e+00	0.000000e+00	
312	1.251057e+01	2.358787e-06	0.000000e+00	0.000000e+00	
313	1.251095e+01	1.599659e-06	0.000000e+00	0.000000e+00	
314	1.251133e+01	1.086427e-06	0.000000e+00	0.000000e+00	
315	1.251172e+01	7.369507e-07	0.000000e+00	0.000000e+00	
316	1.251210e+01	5.004124e-07	0.000000e+00	0.000000e+00	
317	1.251248e+01	3.394976e-07	0.000000e+00	0.000000e+00	
318	1.251287e+01	2.304978e-07	0.000000e+00	0.000000e+00	
319	1.251325e+01	1.563961e-07	0.000000e+00	0.000000e+00	
320	1.251363e+01	1.061729e-07	0.000000e+00	0.000000e+00	
321	1.251401e+01	7.204576e-08	0.000000e+00	0.000000e+00	
322	1.251440e+01	4.890643e-08	0.000000e+00	0.000000e+00	
323	1.251478e+01	3.318840e-08	0.000000e+00	0.000000e+00	
324	1.251516e+01	2.252799e-08	0.000000e+00	0.000000e+00	
325	1.251555e+01	1.528836e-08	0.000000e+00	0.000000e+00	
326	1.251593e+01	1.037723e-08	0.000000e+00	0.000000e+00	
327	1.251631e+01	7.042598e-09	0.000000e+00	0.000000e+00	
328	1.251669e+01	4.780165e-09	0.000000e+00	0.000000e+00	
329	1.251708e+01	3.244168e-09	0.000000e+00	0.000000e+00	
330	1.251746e+01	2.201941e-09	0.000000e+00	0.000000e+00	
331	1.251784e+01	1.494420e-09	0.000000e+00	0.000000e+00	
332	1.251823e+01	1.014307e-09	0.000000e+00	0.000000e+00	
333	1.251861e+01	6.884002e-10	0.000000e+00	0.000000e+00	
334	1.251899e+01	4.672333e-10	0.000000e+00	0.000000e+00	
335	1.251937e+01	3.171091e-10	0.000000e+00	0.000000e+00	
336	1.251979e+01	2.071098e-10	0.000000e+00	0.000000e+00	
337	1.252028e+01	1.265826e-10	0.000000e+00	0.000000e+00	
338	1.252085e+01	7.012690e-11	0.000000e+00	0.000000e+00	
339	1.252155e+01	3.377333e-11	0.000000e+00	0.000000e+00	
340	1.252244e+01	1.294999e-11	0.000000e+00	0.000000e+00	
341	1.252365e+01	3.206591e-12	0.000000e+00	0.000000e+00	
342	1.252543e+01	1.828489e-13	0.000000e+00	0.000000e+00	
343	1.252844e+01	-3.69118e-14	0.000000e+00	0.000000e+00	
344	1.253447e+01	1.850982e-14	0.000000e+00	0.000000e+00	

Index   time            a3#branch_1_0   v1#branch       v2#branch       
--------------------------------------------------------------------------------
345	1.254651e+01	-1.32389e-14	0.000000e+00	0.000000e+00	
346	1.257061e+01	1.120950e-14	0.000000e+00	0.000000e+00	
347	1.261879e+01	-1.03161e-14	0.000000e+00	0.000000e+00	
348	1.271517e+01	9.896631e-15	0.000000e+00	0.000000e+00	
349	1.290792e+01	-9.69336e-15	0.000000e+00	0.000000e+00	
350	1.329342e+01	9.593302e-15	0.000000e+00	0.000000e+00	
351	1.406442e+01	-9.54366e-15	0.000000e+00	0.000000e+00	
352	1.486442e+01	9.496061e-15	0.000000e+00	0.000000e+00	
353	1.500100e+01	-9.22197e-15	0.000000e+00	0.000000e+00	
354	1.500110e+01	-8.38361e-15	0.000000e+00	0.000000e+00	
355	1.500130e+01	-6.85931e-15	0.000000e+00	0.000000e+00	
356	1.500130e+01	-6.85930e-15	0.000000e+00	0.000000e+00	
357	1.500130e+01	-4.00036e-05	0.000000e+00	0.000000e+00	
358	1.500130e+01	-1.20002e-04	0.000000e+00	0.000000e+00	
359	1.500130e+01	-1.99378e-04	0.000000e+00	0.000000e+00	
360	1.500130e+01	-2.94467e-04	0.000000e+00	0.000000e+00	
361	1.500130e+01	-4.84643e-04	0.000000e+00	0.000000e+00	
362	1.500130e+01	-8.64997e-04	0.000000e+00	0.000000e+00	
363	1.500130e+01	-1.62571e-03	0.000000e+00	0.000000e+00	
364	1.500130e+01	-3.14714e-03	0.000000e+00	0.000000e+00	
365	1.500130e+01	-5.00000e-03	0.000000e+00	0.000000e+00	
366	1.500130e+01	-5.00000e-03	0.000000e+00	0.000000e+00	
367	1.500130e+01	-5.00000e-03	0.000000e+00	0.000000e+00	
368	1.500130e+01	-5.00000e-03	0.000000e+00	0.000000e+00	
369	1.500130e+01	-4.99999e-03	0.000000e+00	0.000000e+00	
370	1.500130e+01	-4.99999e-03	0.000000e+00	0.000000e+00	
371	1.500130e+01	-4.99998e-03	0.000000e+00	0.000000e+00	
372	1.500130e+01	-4.99997e-03	0.000000e+00	0.000000e+00	
373	1.500130e+01	-4.99994e-03	0.000000e+00	0.000000e+00	
374	1.500130e+01	-4.99989e-03	0.000000e+00	0.000000e+00	
375	1.500130e+01	-4.99978e-03	0.000000e+00	0.000000e+00	
376	1.500130e+01	-4.99956e-03	0.000000e+00	0.000000e+00	
377	1.500130e+01	-4.99912e-03	0.000000e+00	0.000000e+00	
378	1.500130e+01	-4.99824e-03	0.000000e+00	0.000000e+00	
379	1.500130e+01	-4.99648e-03	0.000000e+00	0.000000e+00	
380	1.500130e+01	-4.99297e-03	0.000000e+00	0.000000e+00	
381	1.500130e+01	-4.98595e-03	0.000000e+00	0.000000e+00	
382	1.500131e+01	-4.97195e-03	0.000000e+00	0.000000e+00	
383	1.500131e+01	-4.94406e-03	0.000000e+00	0.000000e+00	
384	1.500132e+01	-4.88874e-03	0.000000e+00	0.000000e+00	
385	1.500135e+01	-4.77996e-03	0.000000e+00	0.000000e+00	
386	1.500139e+01	-4.56957e-03	0.000000e+00	0.000000e+00	
387	1.500148e+01	-4.17597e-03	0.000000e+00	0.000000e+00	
388	1.500166e+01	-3.48629e-03	0.000000e+00	0.000000e+00	
389	1.500200e+01	-2.47329e-03	0.000000e+00	0.000000e+00	
390	1.500204e+01	-2.38734e-03	0.000000e+00	0.000000e+00	
391	1.500211e+01	-2.22141e-03	0.000000e+00	0.000000e+00	
392	1.500225e+01	-1.92298e-03	0.000000e+00	0.000000e+00	
393	1.500254e+01	-1.43882e-03	0.000000e+00	0.000000e+00	
394	1.500300e+01	-9.00784e-04	0.000000e+00	0.000000e+00	
395	1.500306e+01	-8.51720e-04	0.000000e+00	0.000000e+00	
396	1.500317e+01	-7.58935e-04	0.000000e+00	0.000000e+00	
397	1.500340e+01	-6.02124e-04	0.000000e+00	0.000000e+00	
398	1.500386e+01	-3.76600e-04	0.000000e+00	0.000000e+00	
399	1.500479e+01	-1.38990e-04	0.000000e+00	0.000000e+00	
400	1.500575e+01	-4.83583e-05	0.000000e+00	0.000000e+00	
401	1.500709e+01	-9.59058e-06	0.000000e+00	0.000000e+00	
402	1.500866e+01	-1.16363e-06	0.000000e+00	0.000000e+00	

Index   time            a3#branch_1_0   v1#branch       v2#branch       
--------------------------------------------------------------------------------
403	1.501138e+01	1.788561e-07	0.000000e+00	0.000000e+00	
404	1.501560e+01	-6.36941e-08	0.000000e+00	0.000000e+00	
405	1.502402e+01	3.925434e-08	0.000000e+00	0.000000e+00	
406	1.504087e+01	-3.09242e-08	0.000000e+00	0.000000e+00	
407	1.507457e+01	2.745918e-08	0.000000e+00	0.000000e+00	
408	1.514197e+01	-2.58765e-08	0.000000e+00	0.000000e+00	
409	1.527676e+01	2.511980e-08	0.000000e+00	0.000000e+00	
410	1.554635e+01	-2.47498e-08	0.000000e+00	0.000000e+00	
411	1.608553e+01	2.456690e-08	0.000000e+00	0.000000e+00	
412	1.688553e+01	-2.44444e-08	0.000000e+00	0.000000e+00	
413	1.750200e+01	2.428628e-08	0.000000e+00	0.000000e+00	
414	1.750210e+01	2.207844e-08	0.000000e+00	0.000000e+00	
415	1.750230e+01	1.806417e-08	0.000000e+00	0.000000e+00	
416	1.750270e+01	1.204278e-08	0.000000e+00	0.000000e+00	
417	1.750300e+01	8.901187e-09	0.000000e+00	0.000000e+00	
418	1.750300e+01	8.901169e-09	0.000000e+00	0.000000e+00	
419	1.750300e+01	5.000178e-04	0.000000e+00	0.000000e+00	
420	1.750300e+01	1.500018e-03	0.000000e+00	0.000000e+00	
421	1.750300e+01	3.500017e-03	0.000000e+00	0.000000e+00	
422	1.750300e+01	5.000006e-03	0.000000e+00	0.000000e+00	
423	1.750300e+01	5.000006e-03	0.000000e+00	0.000000e+00	
424	1.750300e+01	5.000005e-03	0.000000e+00	0.000000e+00	
425	1.750300e+01	5.000004e-03	0.000000e+00	0.000000e+00	
426	1.750300e+01	5.000000e-03	0.000000e+00	0.000000e+00	
427	1.750300e+01	4.999994e-03	0.000000e+00	0.000000e+00	
428	1.750300e+01	4.999981e-03	0.000000e+00	0.000000e+00	
429	1.750300e+01	4.999956e-03	0.000000e+00	0.000000e+00	
430	1.750300e+01	4.999904e-03	0.000000e+00	0.000000e+00	
431	1.750300e+01	4.999802e-03	0.000000e+00	0.000000e+00	
432	1.750300e+01	4.999597e-03	0.000000e+00	0.000000e+00	
433	1.750300e+01	4.999188e-03	0.000000e+00	0.000000e+00	
434	1.750300e+01	4.998369e-03	0.000000e+00	0.000000e+00	
435	1.750300e+01	4.996731e-03	0.000000e+00	0.000000e+00	
436	1.750300e+01	4.993457e-03	0.000000e+00	0.000000e+00	
437	1.750300e+01	4.986917e-03	0.000000e+00	0.000000e+00	
438	1.750301e+01	4.973861e-03	0.000000e+00	0.000000e+00	
439	1.750301e+01	4.947852e-03	0.000000e+00	0.000000e+00	
440	1.750302e+01	4.896240e-03	0.000000e+00	0.000000e+00	
441	1.750304e+01	4.794624e-03	0.000000e+00	0.000000e+00	
442	1.750308e+01	4.597654e-03	0.000000e+00	0.000000e+00	
443	1.750317e+01	4.227500e-03	0.000000e+00	0.000000e+00	
444	1.750334e+01	3.573135e-03	0.000000e+00	0.000000e+00	
445	1.750367e+01	2.546441e-03	0.000000e+00	0.000000e+00	
446	1.750406e+01	1.714201e-03	0.000000e+00	0.000000e+00	
447	1.750444e+01	1.174951e-03	0.000000e+00	0.000000e+00	
448	1.750483e+01	7.848387e-04	0.000000e+00	0.000000e+00	
449	1.750521e+01	5.379109e-04	0.000000e+00	0.000000e+00	
450	1.750560e+01	3.622225e-04	0.000000e+00	0.000000e+00	
451	1.750597e+01	2.476851e-04	0.000000e+00	0.000000e+00	
452	1.750636e+01	1.670613e-04	0.000000e+00	0.000000e+00	
453	1.750674e+01	1.139542e-04	0.000000e+00	0.000000e+00	
454	1.750713e+01	7.700338e-05	0.000000e+00	0.000000e+00	
455	1.750751e+01	5.245440e-05	0.000000e+00	0.000000e+00	
456	1.750789e+01	3.549133e-05	0.000000e+00	0.000000e+00	
457	1.750827e+01	2.415082e-05	0.000000e+00	0.000000e+00	
458	1.750866e+01	1.635521e-05	0.000000e+00	0.000000e+00	
459	1.750904e+01	1.112095e-05	0.000000e+00	0.000000e+00	
460	1.750942e+01	7.536059e-06	0.000000e+00	0.000000e+00	

Index   time            a3#branch_1_0   v1#branch       v2#branch       
--------------------------------------------------------------------------------
461	1.750980e+01	5.121527e-06	0.000000e+00	0.000000e+00	
462	1.751019e+01	3.472149e-06	0.000000e+00	0.000000e+00	
463	1.751057e+01	2.358787e-06	0.000000e+00	0.000000e+00	
464	1.751095e+01	1.599659e-06	0.000000e+00	0.000000e+00	
465	1.751133e+01	1.086427e-06	0.000000e+00	0.000000e+00	
466	1.751172e+01	7.369507e-07	0.000000e+00	0.000000e+00	
467	1.751210e+01	5.004124e-07	0.000000e+00	0.000000e+00	
468	1.751248e+01	3.394976e-07	0.000000e+00	0.000000e+00	
469	1.751287e+01	2.304978e-07	0.000000e+00	0.000000e+00	
470	1.751325e+01	1.563961e-07	0.000000e+00	0.000000e+00	
471	1.751363e+01	1.061729e-07	0.000000e+00	0.000000e+00	
472	1.751401e+01	7.204576e-08	0.000000e+00	0.000000e+00	
473	1.751440e+01	4.890643e-08	0.000000e+00	0.000000e+00	
474	1.751478e+01	3.318840e-08	0.000000e+00	0.000000e+00	
475	1.751516e+01	2.252799e-08	0.000000e+00	0.000000e+00	
476	1.751555e+01	1.528836e-08	0.000000e+00	0.000000e+00	
477	1.751593e+01	1.037723e-08	0.000000e+00	0.000000e+00	
478	1.751631e+01	7.042598e-09	0.000000e+00	0.000000e+00	
479	1.751669e+01	4.780165e-09	0.000000e+00	0.000000e+00	
480	1.751708e+01	3.244168e-09	0.000000e+00	0.000000e+00	
481	1.751746e+01	2.201941e-09	0.000000e+00	0.000000e+00	
482	1.751784e+01	1.494420e-09	0.000000e+00	0.000000e+00	
483	1.751823e+01	1.014307e-09	0.000000e+00	0.000000e+00	
484	1.751861e+01	6.884002e-10	0.000000e+00	0.000000e+00	
485	1.751899e+01	4.672333e-10	0.000000e+00	0.000000e+00	
486	1.751937e+01	3.171091e-10	0.000000e+00	0.000000e+00	
487	1.751979e+01	2.071098e-10	0.000000e+00	0.000000e+00	
488	1.752028e+01	1.265826e-10	0.000000e+00	0.000000e+00	
489	1.752085e+01	7.012690e-11	0.000000e+00	0.000000e+00	
490	1.752155e+01	3.377333e-11	0.000000e+00	0.000000e+00	
491	1.752244e+01	1.294999e-11	0.000000e+00	0.000000e+00	
492	1.752365e+01	3.206591e-12	0.000000e+00	0.000000e+00	
493	1.752543e+01	1.828489e-13	0.000000e+00	0.000000e+00	
494	1.752844e+01	-3.69118e-14	0.000000e+00	0.000000e+00	
495	1.753447e+01	1.850982e-14	0.000000e+00	0.000000e+00	
496	1.754651e+01	-1.32389e-14	0.000000e+00	0.000000e+00	
497	1.757061e+01	1.120950e-14	0.000000e+00	0.000000e+00	
498	1.761879e+01	-1.03161e-14	0.000000e+00	0.000000e+00	
499	1.771517e+01	9.896631e-15	0.000000e+00	0.000000e+00	
500	1.790792e+01	-9.69336e-15	0.000000e+00	0.000000e+00	
501	1.829342e+01	9.593302e-15	0.000000e+00	0.000000e+00	
502	1.906442e+01	-9.54366e-15	0.000000e+00	0.000000e+00	
503	1.986442e+01	9.496061e-15	0.000000e+00	0.000000e+00	
504	2.000100e+01	-9.22197e-15	0.000000e+00	0.000000e+00	
505	2.000110e+01	-8.38361e-15	0.000000e+00	0.000000e+00	
506	2.000130e+01	-6.85931e-15	0.000000e+00	0.000000e+00	
507	2.000130e+01	-6.85930e-15	0.000000e+00	0.000000e+00	
508	2.000130e+01	-4.00036e-05	0.000000e+00	0.000000e+00	
509	2.000130e+01	-1.20011e-04	0.000000e+00	0.000000e+00	
510	2.000130e+01	-1.99396e-04	0.000000e+00	0.000000e+00	
511	2.000130e+01	-2.94484e-04	0.000000e+00	0.000000e+00	
512	2.000130e+01	-4.84661e-04	0.000000e+00	0.000000e+00	
513	2.000130e+01	-8.65015e-04	0.000000e+00	0.000000e+00	
514	2.000130e+01	-1.62570e-03	0.000000e+00	0.000000e+00	
515	2.000130e+01	-3.14708e-03	0.000000e+00	0.000000e+00	
516	2.000130e+01	-5.00000e-03	0.000000e+00	0.000000e+00	
517	2.000130e+01	-5.00000e-03	0.000000e+00	0.000000e+00	
518	2.000130e+01	-5.00000e-03	0.000000e+00	0.000000e+00	

Index   time            a3#branch_1_0   v1#branch       v2#branch       
--------------------------------------------------------------------------------
519	2.000130e+01	-5.00000e-03	0.000000e+00	0.000000e+00	
520	2.000130e+01	-4.99999e-03	0.000000e+00	0.000000e+00	
521	2.000130e+01	-4.99999e-03	0.000000e+00	0.000000e+00	
522	2.000130e+01	-4.99998e-03	0.000000e+00	0.000000e+00	
523	2.000130e+01	-4.99997e-03	0.000000e+00	0.000000e+00	
524	2.000130e+01	-4.99994e-03	0.000000e+00	0.000000e+00	
525	2.000130e+01	-4.99989e-03	0.000000e+00	0.000000e+00	
526	2.000130e+01	-4.99978e-03	0.000000e+00	0.000000e+00	
527	2.000130e+01	-4.99956e-03	0.000000e+00	0.000000e+00	
528	2.000130e+01	-4.99912e-03	0.000000e+00	0.000000e+00	
529	2.000130e+01	-4.99824e-03	0.000000e+00	0.000000e+00	
530	2.000130e+01	-4.99648e-03	0.000000e+00	0.000000e+00	
531	2.000130e+01	-4.99297e-03	0.000000e+00	0.000000e+00	
532	2.000130e+01	-4.98595e-03	0.000000e+00	0.000000e+00	
533	2.000131e+01	-4.97195e-03	0.000000e+00	0.000000e+00	
534	2.000131e+01	-4.94405e-03	0.000000e+00	0.000000e+00	
535	2.000132e+01	-4.88874e-03	0.000000e+00	0.000000e+00	
536	2.000135e+01	-4.77995e-03	0.000000e+00	0.000000e+00	
537	2.000139e+01	-4.56955e-03	0.000000e+00	0.000000e+00	
538	2.000148e+01	-4.17595e-03	0.000000e+00	0.000000e+00	
539	2.000166e+01	-3.48625e-03	0.000000e+00	0.000000e+00	
540	2.000200e+01	-2.47329e-03	0.000000e+00	0.000000e+00	
541	2.000204e+01	-2.38734e-03	0.000000e+00	0.000000e+00	
542	2.000211e+01	-2.22140e-03	0.000000e+00	0.000000e+00	
543	2.000225e+01	-1.92296e-03	0.000000e+00	0.000000e+00	
544	2.000254e+01	-1.43880e-03	0.000000e+00	0.000000e+00	
545	2.000312e+01	-7.95288e-04	0.000000e+00	0.000000e+00	
546	2.000371e+01	-4.32681e-04	0.000000e+00	0.000000e+00	
547	2.000449e+01	-1.89647e-04	0.000000e+00	0.000000e+00	
548	2.000531e+01	-7.86800e-05	0.000000e+00	0.000000e+00	
549	2.000651e+01	-1.99530e-05	0.000000e+00	0.000000e+00	
550	2.000794e+01	-3.26808e-06	0.000000e+00	0.000000e+00	
551	2.001022e+01	2.147705e-07	0.000000e+00	0.000000e+00	
552	2.001356e+01	-5.36237e-08	0.000000e+00	0.000000e+00	
553	2.002022e+01	2.886124e-08	0.000000e+00	0.000000e+00	
554	2.003354e+01	-2.13277e-08	0.000000e+00	0.000000e+00	
555	2.006019e+01	1.834988e-08	0.000000e+00	0.000000e+00	
556	2.011349e+01	-1.70225e-08	0.000000e+00	0.000000e+00	
557	2.022008e+01	1.639549e-08	0.000000e+00	0.000000e+00	
558	2.043327e+01	-1.60907e-08	0.000000e+00	0.000000e+00	
559	2.085964e+01	1.594047e-08	0.000000e+00	0.000000e+00	
560	2.165964e+01	-1.58610e-08	0.000000e+00	0.000000e+00	
561	2.245964e+01	1.578186e-08	0.000000e+00	0.000000e+00	
562	2.250200e+01	-1.43587e-08	0.000000e+00	0.000000e+00	
563	2.250210e+01	-1.30534e-08	0.000000e+00	0.000000e+00	
564	2.250230e+01	-1.06800e-08	0.000000e+00	0.000000e+00	
565	2.250270e+01	-7.12003e-09	0.000000e+00	0.000000e+00	
566	2.250300e+01	-5.26263e-09	0.000000e+00	0.000000e+00	
567	2.250308e+01	-4.87280e-09	0.000000e+00	0.000000e+00	
568	2.250324e+01	-4.15091e-09	0.000000e+00	0.000000e+00	
569	2.250356e+01	-3.00583e-09	0.000000e+00	0.000000e+00	
570	2.250420e+01	-1.54846e-09	0.000000e+00	0.000000e+00	
571	2.250548e+01	-3.39905e-10	0.000000e+00	0.000000e+00	
572	2.250804e+01	4.174276e-11	0.000000e+00	0.000000e+00	
573	2.251316e+01	-1.82918e-11	0.000000e+00	0.000000e+00	
574	2.252340e+01	1.231407e-11	0.000000e+00	0.000000e+00	
575	2.254388e+01	-1.01230e-11	0.000000e+00	0.000000e+00	
576	2.258484e+01	9.180404e-12	0.000000e+00	0.000000e+00	

Index   time            a3#branch_1_0   v1#branch       v2#branch       
--------------------------------------------------------------------------------
577	2.266676e+01	-8.74283e-12	0.000000e+00	0.000000e+00	
578	2.283060e+01	8.531953e-12	0.000000e+00	0.000000e+00	
579	2.315828e+01	-8.42843e-12	0.000000e+00	0.000000e+00	
580	2.381364e+01	8.377148e-12	0.000000e+00	0.000000e+00	
581	2.461364e+01	-8.33537e-12	0.000000e+00	0.000000e+00	
582	2.500100e+01	8.249736e-12	0.000000e+00	0.000000e+00	
583	2.500110e+01	7.499761e-12	0.000000e+00	0.000000e+00	
584	2.500130e+01	6.136169e-12	0.000000e+00	0.000000e+00	
585	2.500170e+01	4.090780e-12	0.000000e+00	0.000000e+00	
586	2.500200e+01	3.023620e-12	0.000000e+00	0.000000e+00	
587	2.500208e+01	2.799649e-12	0.000000e+00	0.000000e+00	
588	2.500224e+01	2.384889e-12	0.000000e+00	0.000000e+00	
589	2.500256e+01	1.726990e-12	0.000000e+00	0.000000e+00	
590	2.500300e+01	1.104141e-12	0.000000e+00	0.000000e+00	
591	2.500300e+01	1.104139e-12	0.000000e+00	0.000000e+00	
592	2.500300e+01	5.000089e-04	0.000000e+00	0.000000e+00	
593	2.500300e+01	1.500009e-03	0.000000e+00	0.000000e+00	
594	2.500300e+01	3.500008e-03	0.000000e+00	0.000000e+00	
595	2.500300e+01	4.999997e-03	0.000000e+00	0.000000e+00	
596	2.500300e+01	4.999997e-03	0.000000e+00	0.000000e+00	
597	2.500300e+01	4.999996e-03	0.000000e+00	0.000000e+00	
598	2.500300e+01	4.999995e-03	0.000000e+00	0.000000e+00	
599	2.500300e+01	4.999991e-03	0.000000e+00	0.000000e+00	
600	2.500300e+01	4.999985e-03	0.000000e+00	0.000000e+00	
601	2.500300e+01	4.999972e-03	0.000000e+00	0.000000e+00	
602	2.500300e+01	4.999947e-03	0.000000e+00	0.000000e+00	
603	2.500300e+01	4.999895e-03	0.000000e+00	0.000000e+00	
604	2.500300e+01	4.999793e-03	0.000000e+00	0.000000e+00	
605	2.500300e+01	4.999588e-03	0.000000e+00	0.000000e+00	
606	2.500300e+01	4.999179e-03	0.000000e+00	0.000000e+00	
607	2.500300e+01	4.998360e-03	0.000000e+00	0.000000e+00	
608	2.500300e+01	4.996722e-03	0.000000e+00	0.000000e+00	
609	2.500300e+01	4.993449e-03	0.000000e+00	0.000000e+00	
610	2.500300e+01	4.986908e-03	0.000000e+00	0.000000e+00	
611	2.500301e+01	4.973852e-03	0.000000e+00	0.000000e+00	
612	2.500301e+01	4.947843e-03	0.000000e+00	0.000000e+00	
613	2.500302e+01	4.896232e-03	0.000000e+00	0.000000e+00	
614	2.500304e+01	4.794616e-03	0.000000e+00	0.000000e+00	
615	2.500308e+01	4.597646e-03	0.000000e+00	0.000000e+00	
616	2.500317e+01	4.227493e-03	0.000000e+00	0.000000e+00	
617	2.500334e+01	3.573129e-03	0.000000e+00	0.000000e+00	
618	2.500367e+01	2.546436e-03	0.000000e+00	0.000000e+00	
619	2.500406e+01	1.714198e-03	0.000000e+00	0.000000e+00	
620	2.500444e+01	1.174949e-03	0.000000e+00	0.000000e+00	
621	2.500483e+01	7.848373e-04	0.000000e+00	0.000000e+00	
622	2.500521e+01	5.379100e-04	0.000000e+00	0.000000e+00	
623	2.500560e+01	3.622219e-04	0.000000e+00	0.000000e+00	
624	2.500597e+01	2.476847e-04	0.000000e+00	0.000000e+00	
625	2.500636e+01	1.670610e-04	0.000000e+00	0.000000e+00	
626	2.500674e+01	1.139540e-04	0.000000e+00	0.000000e+00	
627	2.500713e+01	7.700324e-05	0.000000e+00	0.000000e+00	
628	2.500751e+01	5.245431e-05	0.000000e+00	0.000000e+00	
629	2.500789e+01	3.549127e-05	0.000000e+00	0.000000e+00	
630	2.500827e+01	2.415078e-05	0.000000e+00	0.000000e+00	
631	2.500866e+01	1.635518e-05	0.000000e+00	0.000000e+00	
632	2.500904e+01	1.112093e-05	0.000000e+00	0.000000e+00	
633	2.500942e+01	7.536045e-06	0.000000e+00	0.000000e+00	
634	2.500980e+01	5.121518e-06	0.000000e+00	0.000000e+00	

Index   time            a3#branch_1_0   v1#branch       v2#branch       
--------------------------------------------------------------------------------
635	2.501019e+01	3.472142e-06	0.000000e+00	0.000000e+00	
636	2.501057e+01	2.358783e-06	0.000000e+00	0.000000e+00	
637	2.501095e+01	1.599656e-06	0.000000e+00	0.000000e+00	
638	2.501133e+01	1.086425e-06	0.000000e+00	0.000000e+00	
639	2.501172e+01	7.369494e-07	0.000000e+00	0.000000e+00	
640	2.501210e+01	5.004115e-07	0.000000e+00	0.000000e+00	
641	2.501248e+01	3.394970e-07	0.000000e+00	0.000000e+00	
642	2.501287e+01	2.304974e-07	0.000000e+00	0.000000e+00	
643	2.501325e+01	1.563958e-07	0.000000e+00	0.000000e+00	
644	2.501363e+01	1.061727e-07	0.000000e+00	0.000000e+00	
645	2.501401e+01	7.204563e-08	0.000000e+00	0.000000e+00	
646	2.501440e+01	4.890635e-08	0.000000e+00	0.000000e+00	
647	2.501478e+01	3.318834e-08	0.000000e+00	0.000000e+00	
648	2.501516e+01	2.252795e-08	0.000000e+00	0.000000e+00	
649	2.501555e+01	1.528833e-08	0.000000e+00	0.000000e+00	
650	2.501593e+01	1.037722e-08	0.000000e+00	0.000000e+00	
651	2.501631e+01	7.042586e-09	0.000000e+00	0.000000e+00	
652	2.501669e+01	4.780157e-09	0.000000e+00	0.000000e+00	
653	2.501708e+01	3.244162e-09	0.000000e+00	0.000000e+00	
654	2.501746e+01	2.201937e-09	0.000000e+00	0.000000e+00	
655	2.501784e+01	1.494417e-09	0.000000e+00	0.000000e+00	
656	2.501823e+01	1.014305e-09	0.000000e+00	0.000000e+00	
657	2.501861e+01	6.883990e-10	0.000000e+00	0.000000e+00	
658	2.501899e+01	4.672325e-10	0.000000e+00	0.000000e+00	
659	2.501937e+01	3.171086e-10	0.000000e+00	0.000000e+00	
660	2.501979e+01	2.071094e-10	0.000000e+00	0.000000e+00	
661	2.502028e+01	1.265823e-10	0.000000e+00	0.000000e+00	
662	2.502085e+01	7.012670e-11	0.000000e+00	0.000000e+00	
663	2.502155e+01	3.377321e-11	0.000000e+00	0.000000e+00	
664	2.502244e+01	1.294992e-11	0.000000e+00	0.000000e+00	
665	2.502365e+01	3.206565e-12	0.000000e+00	0.000000e+00	
666	2.502543e+01	1.828443e-13	0.000000e+00	0.000000e+00	
667	2.502844e+01	-3.69111e-14	0.000000e+00	0.000000e+00	
668	2.503447e+01	1.850950e-14	0.000000e+00	0.000000e+00	
669	2.504651e+01	-1.32387e-14	0.000000e+00	0.000000e+00	
670	2.507061e+01	1.120933e-14	0.000000e+00	0.000000e+00	
671	2.511879e+01	-1.03159e-14	0.000000e+00	0.000000e+00	
672	2.521517e+01	9.896480e-15	0.000000e+00	0.000000e+00	
673	2.540792e+01	-9.69322e-15	0.000000e+00	0.000000e+00	
674	2.579342e+01	9.593156e-15	0.000000e+00	0.000000e+00	
675	2.656442e+01	-9.54352e-15	0.000000e+00	0.000000e+00	
676	2.736442e+01	9.495917e-15	0.000000e+00	0.000000e+00	
677	2.750200e+01	-9.22378e-15	0.000000e+00	0.000000e+00	
678	2.750210e+01	-8.38526e-15	0.000000e+00	0.000000e+00	
679	2.750230e+01	-6.86066e-15	0.000000e+00	0.000000e+00	
680	2.750270e+01	-4.57378e-15	0.000000e+00	0.000000e+00	
681	2.750300e+01	-3.38062e-15	0.000000e+00	0.000000e+00	
682	2.750308e+01	-3.13020e-15	0.000000e+00	0.000000e+00	
683	2.750324e+01	-2.66647e-15	0.000000e+00	0.000000e+00	
684	2.750356e+01	-1.93089e-15	0.000000e+00	0.000000e+00	
685	2.750420e+01	-9.94701e-16	0.000000e+00	0.000000e+00	
686	2.750548e+01	-2.18349e-16	0.000000e+00	0.000000e+00	
687	2.750804e+01	2.681479e-17	0.000000e+00	0.000000e+00	
688	2.751316e+01	-1.17503e-17	0.000000e+00	0.000000e+00	
689	2.752340e+01	7.910334e-18	0.000000e+00	0.000000e+00	
690	2.754388e+01	-6.50280e-18	0.000000e+00	0.000000e+00	
691	2.758484e+01	5.897326e-18	0.000000e+00	0.000000e+00	
692	2.766676e+01	-5.61623e-18	0.000000e+00	0.000000e+00	

Index   time            a3#branch_1_0   v1#branch       v2#branch       
--------------------------------------------------------------------------------
693	2.783060e+01	5.480772e-18	0.000000e+00	0.000000e+00	
694	2.815828e+01	-5.41427e-18	0.000000e+00	0.000000e+00	
695	2.881364e+01	5.381328e-18	0.000000e+00	0.000000e+00	
696	2.961364e+01	-5.35449e-18	0.000000e+00	0.000000e+00	
697	3.000100e+01	5.299480e-18	0.000000e+00	0.000000e+00	
698	3.000110e+01	4.817710e-18	0.000000e+00	0.000000e+00	
699	3.000130e+01	3.941762e-18	0.000000e+00	0.000000e+00	
700	3.000130e+01	3.941754e-18	0.000000e+00	0.000000e+00	
701	3.000130e+01	-4.00036e-05	0.000000e+00	0.000000e+00	
702	3.000130e+01	-1.20011e-04	0.000000e+00	0.000000e+00	
703	3.000130e+01	-1.99396e-04	0.000000e+00	0.000000e+00	
704	3.000130e+01	-2.94484e-04	0.000000e+00	0.000000e+00	
705	3.000130e+01	-4.84661e-04	0.000000e+00	0.000000e+00	
706	3.000130e+01	-8.65015e-04	0.000000e+00	0.000000e+00	
707	3.000130e+01	-1.62570e-03	0.000000e+00	0.000000e+00	
708	3.000130e+01	-3.14708e-03	0.000000e+00	0.000000e+00	
709	3.000130e+01	-5.00000e-03	0.000000e+00	0.000000e+00	
710	3.000130e+01	-5.00000e-03	0.000000e+00	0.000000e+00	
711	3.000130e+01	-5.00000e-03	0.000000e+00	0.000000e+00	
712	3.000130e+01	-5.00000e-03	0.000000e+00	0.000000e+00	
713	3.000130e+01	-4.99999e-03	0.000000e+00	0.000000e+00	
714	3.000130e+01	-4.99999e-03	0.000000e+00	0.000000e+00	
715	3.000130e+01	-4.99998e-03	0.000000e+00	0.000000e+00	
716	3.000130e+01	-4.99997e-03	0.000000e+00	0.000000e+00	
717	3.000130e+01	-4.99994e-03	0.000000e+00	0.000000e+00	
718	3.000130e+01	-4.99989e-03	0.000000e+00	0.000000e+00	
719	3.000130e+01	-4.99978e-03	0.000000e+00	0.000000e+00	
720	3.000130e+01	-4.99956e-03	0.000000e+00	0.000000e+00	
721	3.000130e+01	-4.99912e-03	0.000000e+00	0.000000e+00	
722	3.000130e+01	-4.99824e-03	0.000000e+00	0.000000e+00	
723	3.000130e+01	-4.99648e-03	0.000000e+00	0.000000e+00	
724	3.000130e+01	-4.99297e-03	0.000000e+00	0.000000e+00	
725	3.000130e+01	-4.98595e-03	0.000000e+00	0.000000e+00	
726	3.000131e+01	-4.97195e-03	0.000000e+00	0.000000e+00	
727	3.000131e+01	-4.94406e-03	0.000000e+00	0.000000e+00	
728	3.000132e+01	-4.88874e-03	0.000000e+00	0.000000e+00	
729	3.000135e+01	-4.77995e-03	0.000000e+00	0.000000e+00	
730	3.000139e+01	-4.56956e-03	0.000000e+00	0.000000e+00	
731	3.000148e+01	-4.17596e-03	0.000000e+00	0.000000e+00	
732	3.000166e+01	-3.48627e-03	0.000000e+00	0.000000e+00	
733	3.000200e+01	-2.47329e-03	0.000000e+00	0.000000e+00	
734	3.000204e+01	-2.38734e-03	0.000000e+00	0.000000e+00	
735	3.000211e+01	-2.22140e-03	0.000000e+00	0.000000e+00	
736	3.000225e+01	-1.92297e-03	0.000000e+00	0.000000e+00	
737	3.000254e+01	-1.43881e-03	0.000000e+00	0.000000e+00	
738	3.000300e+01	-9.00785e-04	0.000000e+00	0.000000e+00	
739	3.000306e+01	-8.51719e-04	0.000000e+00	0.000000e+00	
740	3.000317e+01	-7.58933e-04	0.000000e+00	0.000000e+00	
741	3.000340e+01	-6.02119e-04	0.000000e+00	0.000000e+00	
742	3.000386e+01	-3.76593e-04	0.000000e+00	0.000000e+00	
743	3.000479e+01	-1.38984e-04	0.000000e+00	0.000000e+00	
744	3.000575e+01	-4.83564e-05	0.000000e+00	0.000000e+00	
745	3.000709e+01	-9.58987e-06	0.000000e+00	0.000000e+00	
746	3.000866e+01	-1.16351e-06	0.000000e+00	0.000000e+00	
747	3.001139e+01	1.788529e-07	0.000000e+00	0.000000e+00	
748	3.001560e+01	-6.36943e-08	0.000000e+00	0.000000e+00	
749	3.002402e+01	3.925479e-08	0.000000e+00	0.000000e+00	
750	3.004087e+01	-3.09247e-08	0.000000e+00	0.000000e+00	

Index   time            a3#branch_1_0   v1#branch       v2#branch       
--------------------------------------------------------------------------------
751	3.007457e+01	2.745966e-08	0.000000e+00	0.000000e+00	
752	3.014197e+01	-2.58769e-08	0.000000e+00	0.000000e+00	
753	3.027677e+01	2.512029e-08	0.000000e+00	0.000000e+00	
754	3.054636e+01	-2.47503e-08	0.000000e+00	0.000000e+00	
755	3.108555e+01	2.456739e-08	0.000000e+00	0.000000e+00	
756	3.188555e+01	-2.44449e-08	0.000000e+00	0.000000e+00	
757	3.250200e+01	2.428675e-08	0.000000e+00	0.000000e+00	
758	3.250210e+01	2.207886e-08	0.000000e+00	0.000000e+00	
759	3.250230e+01	1.806453e-08	0.000000e+00	0.000000e+00	
760	3.250270e+01	1.204302e-08	0.000000e+00	0.000000e+00	
761	3.250300e+01	8.901360e-09	0.000000e+00	0.000000e+00	
762	3.250300e+01	8.901343e-09	0.000000e+00	0.000000e+00	
763	3.250300e+01	5.000178e-04	0.000000e+00	0.000000e+00	
764	3.250300e+01	1.500000e-03	0.000000e+00	0.000000e+00	
765	3.250300e+01	3.499999e-03	0.000000e+00	0.000000e+00	
766	3.250300e+01	4.999989e-03	0.000000e+00	0.000000e+00	
767	3.250300e+01	5.000006e-03	0.000000e+00	0.000000e+00	
768	3.250300e+01	5.000005e-03	0.000000e+00	0.000000e+00	
769	3.250300e+01	5.000004e-03	0.000000e+00	0.000000e+00	
770	3.250300e+01	5.000000e-03	0.000000e+00	0.000000e+00	
771	3.250300e+01	4.999994e-03	0.000000e+00	0.000000e+00	
772	3.250300e+01	4.999981e-03	0.000000e+00	0.000000e+00	
773	3.250300e+01	4.999956e-03	0.000000e+00	0.000000e+00	
774	3.250300e+01	4.999904e-03	0.000000e+00	0.000000e+00	
775	3.250300e+01	4.999802e-03	0.000000e+00	0.000000e+00	
776	3.250300e+01	4.999597e-03	0.000000e+00	0.000000e+00	
777	3.250300e+01	4.999188e-03	0.000000e+00	0.000000e+00	
778	3.250300e+01	4.998369e-03	0.000000e+00	0.000000e+00	
779	3.250300e+01	4.996731e-03	0.000000e+00	0.000000e+00	
780	3.250300e+01	4.993457e-03	0.000000e+00	0.000000e+00	
781	3.250300e+01	4.986917e-03	0.000000e+00	0.000000e+00	
782	3.250301e+01	4.973861e-03	0.000000e+00	0.000000e+00	
783	3.250301e+01	4.947852e-03	0.000000e+00	0.000000e+00	
784	3.250302e+01	4.896241e-03	0.000000e+00	0.000000e+00	
785	3.250304e+01	4.794625e-03	0.000000e+00	0.000000e+00	
786	3.250308e+01	4.597655e-03	0.000000e+00	0.000000e+00	
787	3.250317e+01	4.227503e-03	0.000000e+00	0.000000e+00	
788	3.250334e+01	3.573140e-03	0.000000e+00	0.000000e+00	
789	3.250367e+01	2.546447e-03	0.000000e+00	0.000000e+00	
790	3.250406e+01	1.714206e-03	0.000000e+00	0.000000e+00	
791	3.250444e+01	1.174955e-03	0.000000e+00	0.000000e+00	
792	3.250483e+01	7.848406e-04	0.000000e+00	0.000000e+00	
793	3.250521e+01	5.379123e-04	0.000000e+00	0.000000e+00	
794	3.250560e+01	3.622234e-04	0.000000e+00	0.000000e+00	
795	3.250597e+01	2.476858e-04	0.000000e+00	0.000000e+00	
796	3.250636e+01	1.670618e-04	0.000000e+00	0.000000e+00	
797	3.250674e+01	1.139545e-04	0.000000e+00	0.000000e+00	
798	3.250713e+01	7.700357e-05	0.000000e+00	0.000000e+00	
799	3.250751e+01	5.245453e-05	0.000000e+00	0.000000e+00	
800	3.250789e+01	3.549142e-05	0.000000e+00	0.000000e+00	
801	3.250827e+01	2.415088e-05	0.000000e+00	0.000000e+00	
802	3.250866e+01	1.635525e-05	0.000000e+00	0.000000e+00	
803	3.250904e+01	1.112098e-05	0.000000e+00	0.000000e+00	
804	3.250942e+01	7.536078e-06	0.000000e+00	0.000000e+00	
805	3.250980e+01	5.121540e-06	0.000000e+00	0.000000e+00	
806	3.251019e+01	3.472157e-06	0.000000e+00	0.000000e+00	
807	3.251057e+01	2.358793e-06	0.000000e+00	0.000000e+00	
808	3.251095e+01	1.599663e-06	0.000000e+00	0.000000e+00	

Index   time            a3#branch_1_0   v1#branch       v2#branch       
--------------------------------------------------------------------------------
809	3.251133e+01	1.086429e-06	0.000000e+00	0.000000e+00	
810	3.251172e+01	7.369525e-07	0.000000e+00	0.000000e+00	
811	3.251210e+01	5.004136e-07	0.000000e+00	0.000000e+00	
812	3.251248e+01	3.394985e-07	0.000000e+00	0.000000e+00	
813	3.251287e+01	2.304984e-07	0.000000e+00	0.000000e+00	
814	3.251325e+01	1.563965e-07	0.000000e+00	0.000000e+00	
815	3.251363e+01	1.061731e-07	0.000000e+00	0.000000e+00	
816	3.251401e+01	7.204594e-08	0.000000e+00	0.000000e+00	
817	3.251440e+01	4.890656e-08	0.000000e+00	0.000000e+00	
818	3.251478e+01	3.318848e-08	0.000000e+00	0.000000e+00	
819	3.251516e+01	2.252804e-08	0.000000e+00	0.000000e+00	
820	3.251555e+01	1.528839e-08	0.000000e+00	0.000000e+00	
821	3.251593e+01	1.037726e-08	0.000000e+00	0.000000e+00	
822	3.251631e+01	7.042616e-09	0.000000e+00	0.000000e+00	
823	3.251669e+01	4.780177e-09	0.000000e+00	0.000000e+00	
824	3.251708e+01	3.244176e-09	0.000000e+00	0.000000e+00	
825	3.251746e+01	2.201946e-09	0.000000e+00	0.000000e+00	
826	3.251784e+01	1.494424e-09	0.000000e+00	0.000000e+00	
827	3.251823e+01	1.014309e-09	0.000000e+00	0.000000e+00	
828	3.251861e+01	6.884019e-10	0.000000e+00	0.000000e+00	
829	3.251899e+01	4.672345e-10	0.000000e+00	0.000000e+00	
830	3.251937e+01	3.171099e-10	0.000000e+00	0.000000e+00	
831	3.251979e+01	2.071104e-10	0.000000e+00	0.000000e+00	
832	3.252028e+01	1.265830e-10	0.000000e+00	0.000000e+00	
833	3.252085e+01	7.012719e-11	0.000000e+00	0.000000e+00	
834	3.252155e+01	3.377351e-11	0.000000e+00	0.000000e+00	
835	3.252244e+01	1.295008e-11	0.000000e+00	0.000000e+00	
836	3.252365e+01	3.206627e-12	0.000000e+00	0.000000e+00	
837	3.252543e+01	1.828556e-13	0.000000e+00	0.000000e+00	
838	3.252844e+01	-3.69128e-14	0.000000e+00	0.000000e+00	
839	3.253447e+01	1.851026e-14	0.000000e+00	0.000000e+00	
840	3.254651e+01	-1.32392e-14	0.000000e+00	0.000000e+00	
841	3.257061e+01	1.120975e-14	0.000000e+00	0.000000e+00	
842	3.261879e+01	-1.03163e-14	0.000000e+00	0.000000e+00	
843	3.271517e+01	9.896844e-15	0.000000e+00	0.000000e+00	
844	3.290792e+01	-9.69357e-15	0.000000e+00	0.000000e+00	
845	3.329342e+01	9.593507e-15	0.000000e+00	0.000000e+00	
846	3.406441e+01	-9.54386e-15	0.000000e+00	0.000000e+00	
847	3.486441e+01	9.496264e-15	0.000000e+00	0.000000e+00	
848	3.500100e+01	-9.22218e-15	0.000000e+00	0.000000e+00	
849	3.500110e+01	-8.38380e-15	0.000000e+00	0.000000e+00	
850	3.500130e+01	-6.85947e-15	0.000000e+00	0.000000e+00	
851	3.500130e+01	-6.85946e-15	0.000000e+00	0.000000e+00	
852	3.500130e+01	-4.00036e-05	0.000000e+00	0.000000e+00	
853	3.500130e+01	-1.20011e-04	0.000000e+00	0.000000e+00	
854	3.500130e+01	-1.99378e-04	0.000000e+00	0.000000e+00	
855	3.500130e+01	-2.94484e-04	0.000000e+00	0.000000e+00	
856	3.500130e+01	-4.84697e-04	0.000000e+00	0.000000e+00	
857	3.500130e+01	-8.65086e-04	0.000000e+00	0.000000e+00	
858	3.500130e+01	-1.62586e-03	0.000000e+00	0.000000e+00	
859	3.500130e+01	-3.14742e-03	0.000000e+00	0.000000e+00	
860	3.500130e+01	-4.99998e-03	0.000000e+00	0.000000e+00	
861	3.500130e+01	-5.00000e-03	0.000000e+00	0.000000e+00	
862	3.500130e+01	-5.00000e-03	0.000000e+00	0.000000e+00	
863	3.500130e+01	-5.00000e-03	0.000000e+00	0.000000e+00	
864	3.500130e+01	-4.99999e-03	0.000000e+00	0.000000e+00	
865	3.500130e+01	-4.99999e-03	0.000000e+00	0.000000e+00	
866	3.500130e+01	-4.99998e-03	0.000000e+00	0.000000e+00	

Index   time            a3#branch_1_0   v1#branch       v2#branch       
--------------------------------------------------------------------------------
867	3.500130e+01	-4.99997e-03	0.000000e+00	0.000000e+00	
868	3.500130e+01	-4.99994e-03	0.000000e+00	0.000000e+00	
869	3.500130e+01	-4.99989e-03	0.000000e+00	0.000000e+00	
870	3.500130e+01	-4.99978e-03	0.000000e+00	0.000000e+00	
871	3.500130e+01	-4.99956e-03	0.000000e+00	0.000000e+00	
872	3.500130e+01	-4.99912e-03	0.000000e+00	0.000000e+00	
873	3.500130e+01	-4.99824e-03	0.000000e+00	0.000000e+00	
874	3.500130e+01	-4.99648e-03	0.000000e+00	0.000000e+00	
875	3.500130e+01	-4.99297e-03	0.000000e+00	0.000000e+00	
876	3.500130e+01	-4.98595e-03	0.000000e+00	0.000000e+00	
877	3.500131e+01	-4.97195e-03	0.000000e+00	0.000000e+00	
878	3.500131e+01	-4.94406e-03	0.000000e+00	0.000000e+00	
879	3.500132e+01	-4.88875e-03	0.000000e+00	0.000000e+00	
880	3.500135e+01	-4.77997e-03	0.000000e+00	0.000000e+00	
881	3.500139e+01	-4.56960e-03	0.000000e+00	0.000000e+00	
882	3.500148e+01	-4.17602e-03	0.000000e+00	0.000000e+00	
883	3.500166e+01	-3.48638e-03	0.000000e+00	0.000000e+00	
884	3.500200e+01	-2.47329e-03	0.000000e+00	0.000000e+00	
885	3.500204e+01	-2.38734e-03	0.000000e+00	0.000000e+00	
886	3.500211e+01	-2.22142e-03	0.000000e+00	0.000000e+00	
887	3.500225e+01	-1.92301e-03	0.000000e+00	0.000000e+00	
888	3.500254e+01	-1.43887e-03	0.000000e+00	0.000000e+00	
889	3.500300e+01	-9.00782e-04	0.000000e+00	0.000000e+00	
890	3.500306e+01	-8.51721e-04	0.000000e+00	0.000000e+00	
891	3.500317e+01	-7.58942e-04	0.000000e+00	0.000000e+00	
892	3.500340e+01	-6.02139e-04	0.000000e+00	0.000000e+00	
893	3.500386e+01	-3.76622e-04	0.000000e+00	0.000000e+00	
894	3.500479e+01	-1.39009e-04	0.000000e+00	0.000000e+00	
895	3.500575e+01	-4.83645e-05	0.000000e+00	0.000000e+00	
896	3.500709e+01	-9.59277e-06	0.000000e+00	0.000000e+00	
897	3.500866e+01	-1.16397e-06	0.000000e+00	0.000000e+00	
898	3.501138e+01	1.788660e-07	0.000000e+00	0.000000e+00	
899	3.501560e+01	-6.36935e-08	0.000000e+00	0.000000e+00	
900	3.502402e+01	3.925292e-08	0.000000e+00	0.000000e+00	
901	3.504087e+01	-3.09227e-08	0.000000e+00	0.000000e+00	
902	3.507457e+01	2.745766e-08	0.000000e+00	0.000000e+00	
903	3.514196e+01	-2.58749e-08	0.000000e+00	0.000000e+00	
904	3.527675e+01	2.511830e-08	0.000000e+00	0.000000e+00	
905	3.554632e+01	-2.47483e-08	0.000000e+00	0.000000e+00	
906	3.608547e+01	2.456540e-08	0.000000e+00	0.000000e+00	
907	3.688547e+01	-2.44429e-08	0.000000e+00	0.000000e+00	
908	3.750200e+01	2.428481e-08	0.000000e+00	0.000000e+00	
909	3.750210e+01	2.207710e-08	0.000000e+00	0.000000e+00	
910	3.750230e+01	1.806308e-08	0.000000e+00	0.000000e+00	
911	3.750270e+01	1.204205e-08	0.000000e+00	0.000000e+00	
912	3.750300e+01	8.900649e-09	0.000000e+00	0.000000e+00	
913	3.750300e+01	8.900631e-09	0.000000e+00	0.000000e+00	
914	3.750300e+01	5.000178e-04	0.000000e+00	0.000000e+00	
915	3.750300e+01	1.500000e-03	0.000000e+00	0.000000e+00	
916	3.750300e+01	3.499999e-03	0.000000e+00	0.000000e+00	
917	3.750300e+01	4.999989e-03	0.000000e+00	0.000000e+00	
918	3.750300e+01	5.000006e-03	0.000000e+00	0.000000e+00	
919	3.750300e+01	5.000005e-03	0.000000e+00	0.000000e+00	
920	3.750300e+01	5.000004e-03	0.000000e+00	0.000000e+00	
921	3.750300e+01	5.000000e-03	0.000000e+00	0.000000e+00	
922	3.750300e+01	4.999994e-03	0.000000e+00	0.000000e+00	
923	3.750300e+01	4.999981e-03	0.000000e+00	0.000000e+00	
924	3.750300e+01	4.999956e-03	0.000000e+00	0.000000e+00	

Index   time            a3#branch_1_0   v1#branch       v2#branch       
--------------------------------------------------------------------------------
925	3.750300e+01	4.999904e-03	0.000000e+00	0.000000e+00	
926	3.750300e+01	4.999802e-03	0.000000e+00	0.000000e+00	
927	3.750300e+01	4.999597e-03	0.000000e+00	0.000000e+00	
928	3.750300e+01	4.999188e-03	0.000000e+00	0.000000e+00	
929	3.750300e+01	4.998369e-03	0.000000e+00	0.000000e+00	
930	3.750300e+01	4.996731e-03	0.000000e+00	0.000000e+00	
931	3.750300e+01	4.993457e-03	0.000000e+00	0.000000e+00	
932	3.750300e+01	4.986917e-03	0.000000e+00	0.000000e+00	
933	3.750301e+01	4.973861e-03	0.000000e+00	0.000000e+00	
934	3.750301e+01	4.947852e-03	0.000000e+00	0.000000e+00	
935	3.750302e+01	4.896241e-03	0.000000e+00	0.000000e+00	
936	3.750304e+01	4.794625e-03	0.000000e+00	0.000000e+00	
937	3.750308e+01	4.597655e-03	0.000000e+00	0.000000e+00	
938	3.750317e+01	4.227503e-03	0.000000e+00	0.000000e+00	
939	3.750334e+01	3.573140e-03	0.000000e+00	0.000000e+00	
940	3.750367e+01	2.546447e-03	0.000000e+00	0.000000e+00	
941	3.750406e+01	1.714206e-03	0.000000e+00	0.000000e+00	
942	3.750444e+01	1.174955e-03	0.000000e+00	0.000000e+00	
943	3.750483e+01	7.848406e-04	0.000000e+00	0.000000e+00	
944	3.750521e+01	5.379123e-04	0.000000e+00	0.000000e+00	
945	3.750560e+01	3.622234e-04	0.000000e+00	0.000000e+00	
946	3.750597e+01	2.476858e-04	0.000000e+00	0.000000e+00	
947	3.750636e+01	1.670618e-04	0.000000e+00	0.000000e+00	
948	3.750674e+01	1.139545e-04	0.000000e+00	0.000000e+00	
949	3.750713e+01	7.700357e-05	0.000000e+00	0.000000e+00	
950	3.750751e+01	5.245453e-05	0.000000e+00	0.000000e+00	
951	3.750789e+01	3.549142e-05	0.000000e+00	0.000000e+00	
952	3.750827e+01	2.415088e-05	0.000000e+00	0.000000e+00	
953	3.750866e+01	1.635525e-05	0.000000e+00	0.000000e+00	
954	3.750904e+01	1.112098e-05	0.000000e+00	0.000000e+00	
955	3.750942e+01	7.536078e-06	0.000000e+00	0.000000e+00	
956	3.750980e+01	5.121540e-06	0.000000e+00	0.000000e+00	
957	3.751019e+01	3.472157e-06	0.000000e+00	0.000000e+00	
958	3.751057e+01	2.358793e-06	0.000000e+00	0.000000e+00	
959	3.751095e+01	1.599663e-06	0.000000e+00	0.000000e+00	
960	3.751133e+01	1.086429e-06	0.000000e+00	0.000000e+00	
961	3.751172e+01	7.369525e-07	0.000000e+00	0.000000e+00	
962	3.751210e+01	5.004136e-07	0.000000e+00	0.000000e+00	
963	3.751248e+01	3.394985e-07	0.000000e+00	0.000000e+00	
964	3.751287e+01	2.304984e-07	0.000000e+00	0.000000e+00	
965	3.751325e+01	1.563965e-07	0.000000e+00	0.000000e+00	
966	3.751363e+01	1.061731e-07	0.000000e+00	0.000000e+00	
967	3.751401e+01	7.204594e-08	0.000000e+00	0.000000e+00	
968	3.751440e+01	4.890656e-08	0.000000e+00	0.000000e+00	
969	3.751478e+01	3.318848e-08	0.000000e+00	0.000000e+00	
970	3.751516e+01	2.252804e-08	0.000000e+00	0.000000e+00	
971	3.751555e+01	1.528839e-08	0.000000e+00	0.000000e+00	
972	3.751593e+01	1.037726e-08	0.000000e+00	0.000000e+00	
973	3.751631e+01	7.042616e-09	0.000000e+00	0.000000e+00	
974	3.751669e+01	4.780177e-09	0.000000e+00	0.000000e+00	
975	3.751708e+01	3.244176e-09	0.000000e+00	0.000000e+00	
976	3.751746e+01	2.201946e-09	0.000000e+00	0.000000e+00	
977	3.751784e+01	1.494424e-09	0.000000e+00	0.000000e+00	
978	3.751823e+01	1.014309e-09	0.000000e+00	0.000000e+00	
979	3.751861e+01	6.884019e-10	0.000000e+00	0.000000e+00	
980	3.751899e+01	4.672345e-10	0.000000e+00	0.000000e+00	
981	3.751937e+01	3.171099e-10	0.000000e+00	0.000000e+00	
982	3.751979e+01	2.071104e-10	0.000000e+00	0.000000e+00	

Index   time            a3#branch_1_0   v1#branch       v2#branch       
--------------------------------------------------------------------------------
983	3.752028e+01	1.265830e-10	0.000000e+00	0.000000e+00	
984	3.752085e+01	7.012719e-11	0.000000e+00	0.000000e+00	
985	3.752155e+01	3.377351e-11	0.000000e+00	0.000000e+00	
986	3.752244e+01	1.295008e-11	0.000000e+00	0.000000e+00	
987	3.752365e+01	3.206627e-12	0.000000e+00	0.000000e+00	
988	3.752543e+01	1.828556e-13	0.000000e+00	0.000000e+00	
989	3.752844e+01	-3.69128e-14	0.000000e+00	0.000000e+00	
990	3.753447e+01	1.851026e-14	0.000000e+00	0.000000e+00	
991	3.754651e+01	-1.32392e-14	0.000000e+00	0.000000e+00	
992	3.757061e+01	1.120975e-14	0.000000e+00	0.000000e+00	
993	3.761879e+01	-1.03163e-14	0.000000e+00	0.000000e+00	
994	3.771517e+01	9.896844e-15	0.000000e+00	0.000000e+00	
995	3.790792e+01	-9.69357e-15	0.000000e+00	0.000000e+00	
996	3.829342e+01	9.593507e-15	0.000000e+00	0.000000e+00	
997	3.906441e+01	-9.54386e-15	0.000000e+00	0.000000e+00	
998	3.986441e+01	9.496264e-15	0.000000e+00	0.000000e+00	
999	4.000000e+01	-9.22018e-15	0.000000e+00	0.000000e+00	

  * /home/radhadk260501/esim-workspace/mixed_circuit_mux/mixed_circuit_mux.cir
  Transient Analysis  Wed Mar  2 10:24:53  2022
--------------------------------------------------------------------------------
Index   time            v3#branch       
--------------------------------------------------------------------------------
0	0.000000e+00	0.000000e+00	
1	1.000000e-05	0.000000e+00	
2	2.000000e-05	0.000000e+00	
3	4.000000e-05	0.000000e+00	
4	8.000000e-05	0.000000e+00	
5	1.600000e-04	0.000000e+00	
6	3.200000e-04	0.000000e+00	
7	6.400000e-04	0.000000e+00	
8	1.000000e-03	0.000000e+00	
9	1.064000e-03	0.000000e+00	
10	1.192000e-03	0.000000e+00	
11	1.448000e-03	0.000000e+00	
12	1.448002e-03	0.000000e+00	
13	1.448002e-03	0.000000e+00	
14	1.448002e-03	0.000000e+00	
15	1.448002e-03	0.000000e+00	
16	1.448002e-03	0.000000e+00	
17	1.448002e-03	0.000000e+00	
18	1.448002e-03	0.000000e+00	
19	1.448002e-03	0.000000e+00	
20	1.448003e-03	0.000000e+00	
21	1.448003e-03	0.000000e+00	
22	1.448003e-03	0.000000e+00	
23	1.448003e-03	0.000000e+00	
24	1.448003e-03	0.000000e+00	
25	1.448004e-03	0.000000e+00	
26	1.448004e-03	0.000000e+00	
27	1.448006e-03	0.000000e+00	
28	1.448008e-03	0.000000e+00	
29	1.448014e-03	0.000000e+00	
30	1.448025e-03	0.000000e+00	
31	1.448047e-03	0.000000e+00	
32	1.448091e-03	0.000000e+00	
33	1.448179e-03	0.000000e+00	
34	1.448355e-03	0.000000e+00	
35	1.448706e-03	0.000000e+00	
36	1.449409e-03	0.000000e+00	
37	1.450816e-03	0.000000e+00	
38	1.453628e-03	0.000000e+00	
39	1.459254e-03	0.000000e+00	
40	1.470505e-03	0.000000e+00	
41	1.493007e-03	0.000000e+00	
42	1.538011e-03	0.000000e+00	
43	1.628020e-03	0.000000e+00	
44	1.808037e-03	0.000000e+00	
45	2.000000e-03	0.000000e+00	
46	2.036003e-03	0.000000e+00	
47	2.108010e-03	0.000000e+00	
48	2.252024e-03	0.000000e+00	
49	2.540051e-03	0.000000e+00	
50	3.116105e-03	0.000000e+00	
51	3.655319e-03	0.000000e+00	
52	4.406679e-03	0.000000e+00	
53	5.164869e-03	0.000000e+00	
54	6.293456e-03	0.000000e+00	

Index   time            v3#branch       
--------------------------------------------------------------------------------
55	7.579805e-03	0.000000e+00	
56	9.640379e-03	0.000000e+00	
57	1.244172e-02	0.000000e+00	
58	1.804442e-02	0.000000e+00	
59	2.924980e-02	0.000000e+00	
60	5.166056e-02	0.000000e+00	
61	9.648209e-02	0.000000e+00	
62	1.861251e-01	0.000000e+00	
63	3.654112e-01	0.000000e+00	
64	7.239835e-01	0.000000e+00	
65	1.441128e+00	0.000000e+00	
66	2.241128e+00	0.000000e+00	
67	2.502000e+00	0.000000e+00	
68	2.502100e+00	0.000000e+00	
69	2.502300e+00	0.000000e+00	
70	2.502700e+00	0.000000e+00	
71	2.503000e+00	0.000000e+00	
72	2.503080e+00	0.000000e+00	
73	2.503240e+00	0.000000e+00	
74	2.503560e+00	0.000000e+00	
75	2.504200e+00	0.000000e+00	
76	2.505480e+00	0.000000e+00	
77	2.508040e+00	0.000000e+00	
78	2.513160e+00	0.000000e+00	
79	2.523400e+00	0.000000e+00	
80	2.543880e+00	0.000000e+00	
81	2.584840e+00	0.000000e+00	
82	2.666760e+00	0.000000e+00	
83	2.830600e+00	0.000000e+00	
84	3.158280e+00	0.000000e+00	
85	3.813640e+00	0.000000e+00	
86	4.613640e+00	0.000000e+00	
87	5.001000e+00	0.000000e+00	
88	5.001100e+00	0.000000e+00	
89	5.001300e+00	0.000000e+00	
90	5.001700e+00	0.000000e+00	
91	5.002000e+00	0.000000e+00	
92	5.002080e+00	0.000000e+00	
93	5.002240e+00	0.000000e+00	
94	5.002560e+00	0.000000e+00	
95	5.003000e+00	0.000000e+00	
96	5.003000e+00	0.000000e+00	
97	5.003000e+00	0.000000e+00	
98	5.003000e+00	0.000000e+00	
99	5.003000e+00	0.000000e+00	
100	5.003000e+00	0.000000e+00	
101	5.003000e+00	0.000000e+00	
102	5.003000e+00	0.000000e+00	
103	5.003000e+00	0.000000e+00	
104	5.003000e+00	0.000000e+00	
105	5.003000e+00	0.000000e+00	
106	5.003000e+00	0.000000e+00	
107	5.003000e+00	0.000000e+00	
108	5.003000e+00	0.000000e+00	
109	5.003000e+00	0.000000e+00	
110	5.003000e+00	0.000000e+00	
111	5.003000e+00	0.000000e+00	
112	5.003000e+00	0.000000e+00	

Index   time            v3#branch       
--------------------------------------------------------------------------------
113	5.003001e+00	0.000000e+00	
114	5.003001e+00	0.000000e+00	
115	5.003003e+00	0.000000e+00	
116	5.003005e+00	0.000000e+00	
117	5.003010e+00	0.000000e+00	
118	5.003021e+00	0.000000e+00	
119	5.003042e+00	0.000000e+00	
120	5.003084e+00	0.000000e+00	
121	5.003168e+00	0.000000e+00	
122	5.003336e+00	0.000000e+00	
123	5.003671e+00	0.000000e+00	
124	5.004062e+00	0.000000e+00	
125	5.004435e+00	0.000000e+00	
126	5.004833e+00	0.000000e+00	
127	5.005207e+00	0.000000e+00	
128	5.005597e+00	0.000000e+00	
129	5.005972e+00	0.000000e+00	
130	5.006361e+00	0.000000e+00	
131	5.006739e+00	0.000000e+00	
132	5.007126e+00	0.000000e+00	
133	5.007505e+00	0.000000e+00	
134	5.007891e+00	0.000000e+00	
135	5.008272e+00	0.000000e+00	
136	5.008656e+00	0.000000e+00	
137	5.009037e+00	0.000000e+00	
138	5.009422e+00	0.000000e+00	
139	5.009803e+00	0.000000e+00	
140	5.010187e+00	0.000000e+00	
141	5.010569e+00	0.000000e+00	
142	5.010953e+00	0.000000e+00	
143	5.011335e+00	0.000000e+00	
144	5.011718e+00	0.000000e+00	
145	5.012100e+00	0.000000e+00	
146	5.012484e+00	0.000000e+00	
147	5.012866e+00	0.000000e+00	
148	5.013249e+00	0.000000e+00	
149	5.013632e+00	0.000000e+00	
150	5.014015e+00	0.000000e+00	
151	5.014397e+00	0.000000e+00	
152	5.014780e+00	0.000000e+00	
153	5.015163e+00	0.000000e+00	
154	5.015546e+00	0.000000e+00	
155	5.015928e+00	0.000000e+00	
156	5.016311e+00	0.000000e+00	
157	5.016694e+00	0.000000e+00	
158	5.017077e+00	0.000000e+00	
159	5.017460e+00	0.000000e+00	
160	5.017842e+00	0.000000e+00	
161	5.018225e+00	0.000000e+00	
162	5.018608e+00	0.000000e+00	
163	5.018991e+00	0.000000e+00	
164	5.019373e+00	0.000000e+00	
165	5.019793e+00	0.000000e+00	
166	5.020276e+00	0.000000e+00	
167	5.020850e+00	0.000000e+00	
168	5.021550e+00	0.000000e+00	
169	5.022441e+00	0.000000e+00	
170	5.023647e+00	0.000000e+00	

Index   time            v3#branch       
--------------------------------------------------------------------------------
171	5.025431e+00	0.000000e+00	
172	5.028443e+00	0.000000e+00	
173	5.034466e+00	0.000000e+00	
174	5.046513e+00	0.000000e+00	
175	5.070607e+00	0.000000e+00	
176	5.118795e+00	0.000000e+00	
177	5.215170e+00	0.000000e+00	
178	5.407921e+00	0.000000e+00	
179	5.793421e+00	0.000000e+00	
180	6.564423e+00	0.000000e+00	
181	7.364423e+00	0.000000e+00	
182	7.502000e+00	0.000000e+00	
183	7.502100e+00	0.000000e+00	
184	7.502300e+00	0.000000e+00	
185	7.502700e+00	0.000000e+00	
186	7.503000e+00	0.000000e+00	
187	7.503080e+00	0.000000e+00	
188	7.503240e+00	0.000000e+00	
189	7.503560e+00	0.000000e+00	
190	7.504200e+00	0.000000e+00	
191	7.505480e+00	0.000000e+00	
192	7.508040e+00	0.000000e+00	
193	7.513160e+00	0.000000e+00	
194	7.523400e+00	0.000000e+00	
195	7.543880e+00	0.000000e+00	
196	7.584840e+00	0.000000e+00	
197	7.666760e+00	0.000000e+00	
198	7.830600e+00	0.000000e+00	
199	8.158280e+00	0.000000e+00	
200	8.813640e+00	0.000000e+00	
201	9.613640e+00	0.000000e+00	
202	1.000100e+01	0.000000e+00	
203	1.000110e+01	0.000000e+00	
204	1.000130e+01	0.000000e+00	
205	1.000130e+01	0.000000e+00	
206	1.000130e+01	0.000000e+00	
207	1.000130e+01	0.000000e+00	
208	1.000130e+01	0.000000e+00	
209	1.000130e+01	0.000000e+00	
210	1.000130e+01	0.000000e+00	
211	1.000130e+01	0.000000e+00	
212	1.000130e+01	0.000000e+00	
213	1.000130e+01	0.000000e+00	
214	1.000130e+01	0.000000e+00	
215	1.000130e+01	0.000000e+00	
216	1.000130e+01	0.000000e+00	
217	1.000130e+01	0.000000e+00	
218	1.000130e+01	0.000000e+00	
219	1.000130e+01	0.000000e+00	
220	1.000130e+01	0.000000e+00	
221	1.000130e+01	0.000000e+00	
222	1.000130e+01	0.000000e+00	
223	1.000130e+01	0.000000e+00	
224	1.000130e+01	0.000000e+00	
225	1.000130e+01	0.000000e+00	
226	1.000130e+01	0.000000e+00	
227	1.000130e+01	0.000000e+00	
228	1.000130e+01	0.000000e+00	

Index   time            v3#branch       
--------------------------------------------------------------------------------
229	1.000130e+01	0.000000e+00	
230	1.000130e+01	0.000000e+00	
231	1.000131e+01	0.000000e+00	
232	1.000131e+01	0.000000e+00	
233	1.000132e+01	0.000000e+00	
234	1.000135e+01	0.000000e+00	
235	1.000139e+01	0.000000e+00	
236	1.000148e+01	0.000000e+00	
237	1.000166e+01	0.000000e+00	
238	1.000200e+01	0.000000e+00	
239	1.000204e+01	0.000000e+00	
240	1.000211e+01	0.000000e+00	
241	1.000225e+01	0.000000e+00	
242	1.000254e+01	0.000000e+00	
243	1.000300e+01	0.000000e+00	
244	1.000306e+01	0.000000e+00	
245	1.000317e+01	0.000000e+00	
246	1.000340e+01	0.000000e+00	
247	1.000386e+01	0.000000e+00	
248	1.000479e+01	0.000000e+00	
249	1.000575e+01	0.000000e+00	
250	1.000709e+01	0.000000e+00	
251	1.000866e+01	0.000000e+00	
252	1.001139e+01	0.000000e+00	
253	1.001560e+01	0.000000e+00	
254	1.002402e+01	0.000000e+00	
255	1.004087e+01	0.000000e+00	
256	1.007457e+01	0.000000e+00	
257	1.014197e+01	0.000000e+00	
258	1.027676e+01	0.000000e+00	
259	1.054635e+01	0.000000e+00	
260	1.108553e+01	0.000000e+00	
261	1.188553e+01	0.000000e+00	
262	1.250200e+01	0.000000e+00	
263	1.250210e+01	0.000000e+00	
264	1.250230e+01	0.000000e+00	
265	1.250270e+01	0.000000e+00	
266	1.250300e+01	0.000000e+00	
267	1.250300e+01	0.000000e+00	
268	1.250300e+01	0.000000e+00	
269	1.250300e+01	0.000000e+00	
270	1.250300e+01	0.000000e+00	
271	1.250300e+01	0.000000e+00	
272	1.250300e+01	0.000000e+00	
273	1.250300e+01	0.000000e+00	
274	1.250300e+01	0.000000e+00	
275	1.250300e+01	0.000000e+00	
276	1.250300e+01	0.000000e+00	
277	1.250300e+01	0.000000e+00	
278	1.250300e+01	0.000000e+00	
279	1.250300e+01	0.000000e+00	
280	1.250300e+01	0.000000e+00	
281	1.250300e+01	0.000000e+00	
282	1.250300e+01	0.000000e+00	
283	1.250300e+01	0.000000e+00	
284	1.250300e+01	0.000000e+00	
285	1.250300e+01	0.000000e+00	
286	1.250300e+01	0.000000e+00	

Index   time            v3#branch       
--------------------------------------------------------------------------------
287	1.250301e+01	0.000000e+00	
288	1.250301e+01	0.000000e+00	
289	1.250302e+01	0.000000e+00	
290	1.250304e+01	0.000000e+00	
291	1.250308e+01	0.000000e+00	
292	1.250317e+01	0.000000e+00	
293	1.250334e+01	0.000000e+00	
294	1.250367e+01	0.000000e+00	
295	1.250406e+01	0.000000e+00	
296	1.250444e+01	0.000000e+00	
297	1.250483e+01	0.000000e+00	
298	1.250521e+01	0.000000e+00	
299	1.250560e+01	0.000000e+00	
300	1.250597e+01	0.000000e+00	
301	1.250636e+01	0.000000e+00	
302	1.250674e+01	0.000000e+00	
303	1.250713e+01	0.000000e+00	
304	1.250751e+01	0.000000e+00	
305	1.250789e+01	0.000000e+00	
306	1.250827e+01	0.000000e+00	
307	1.250866e+01	0.000000e+00	
308	1.250904e+01	0.000000e+00	
309	1.250942e+01	0.000000e+00	
310	1.250980e+01	0.000000e+00	
311	1.251019e+01	0.000000e+00	
312	1.251057e+01	0.000000e+00	
313	1.251095e+01	0.000000e+00	
314	1.251133e+01	0.000000e+00	
315	1.251172e+01	0.000000e+00	
316	1.251210e+01	0.000000e+00	
317	1.251248e+01	0.000000e+00	
318	1.251287e+01	0.000000e+00	
319	1.251325e+01	0.000000e+00	
320	1.251363e+01	0.000000e+00	
321	1.251401e+01	0.000000e+00	
322	1.251440e+01	0.000000e+00	
323	1.251478e+01	0.000000e+00	
324	1.251516e+01	0.000000e+00	
325	1.251555e+01	0.000000e+00	
326	1.251593e+01	0.000000e+00	
327	1.251631e+01	0.000000e+00	
328	1.251669e+01	0.000000e+00	
329	1.251708e+01	0.000000e+00	
330	1.251746e+01	0.000000e+00	
331	1.251784e+01	0.000000e+00	
332	1.251823e+01	0.000000e+00	
333	1.251861e+01	0.000000e+00	
334	1.251899e+01	0.000000e+00	
335	1.251937e+01	0.000000e+00	
336	1.251979e+01	0.000000e+00	
337	1.252028e+01	0.000000e+00	
338	1.252085e+01	0.000000e+00	
339	1.252155e+01	0.000000e+00	
340	1.252244e+01	0.000000e+00	
341	1.252365e+01	0.000000e+00	
342	1.252543e+01	0.000000e+00	
343	1.252844e+01	0.000000e+00	
344	1.253447e+01	0.000000e+00	

Index   time            v3#branch       
--------------------------------------------------------------------------------
345	1.254651e+01	0.000000e+00	
346	1.257061e+01	0.000000e+00	
347	1.261879e+01	0.000000e+00	
348	1.271517e+01	0.000000e+00	
349	1.290792e+01	0.000000e+00	
350	1.329342e+01	0.000000e+00	
351	1.406442e+01	0.000000e+00	
352	1.486442e+01	0.000000e+00	
353	1.500100e+01	0.000000e+00	
354	1.500110e+01	0.000000e+00	
355	1.500130e+01	0.000000e+00	
356	1.500130e+01	0.000000e+00	
357	1.500130e+01	0.000000e+00	
358	1.500130e+01	0.000000e+00	
359	1.500130e+01	0.000000e+00	
360	1.500130e+01	0.000000e+00	
361	1.500130e+01	0.000000e+00	
362	1.500130e+01	0.000000e+00	
363	1.500130e+01	0.000000e+00	
364	1.500130e+01	0.000000e+00	
365	1.500130e+01	0.000000e+00	
366	1.500130e+01	0.000000e+00	
367	1.500130e+01	0.000000e+00	
368	1.500130e+01	0.000000e+00	
369	1.500130e+01	0.000000e+00	
370	1.500130e+01	0.000000e+00	
371	1.500130e+01	0.000000e+00	
372	1.500130e+01	0.000000e+00	
373	1.500130e+01	0.000000e+00	
374	1.500130e+01	0.000000e+00	
375	1.500130e+01	0.000000e+00	
376	1.500130e+01	0.000000e+00	
377	1.500130e+01	0.000000e+00	
378	1.500130e+01	0.000000e+00	
379	1.500130e+01	0.000000e+00	
380	1.500130e+01	0.000000e+00	
381	1.500130e+01	0.000000e+00	
382	1.500131e+01	0.000000e+00	
383	1.500131e+01	0.000000e+00	
384	1.500132e+01	0.000000e+00	
385	1.500135e+01	0.000000e+00	
386	1.500139e+01	0.000000e+00	
387	1.500148e+01	0.000000e+00	
388	1.500166e+01	0.000000e+00	
389	1.500200e+01	0.000000e+00	
390	1.500204e+01	0.000000e+00	
391	1.500211e+01	0.000000e+00	
392	1.500225e+01	0.000000e+00	
393	1.500254e+01	0.000000e+00	
394	1.500300e+01	0.000000e+00	
395	1.500306e+01	0.000000e+00	
396	1.500317e+01	0.000000e+00	
397	1.500340e+01	0.000000e+00	
398	1.500386e+01	0.000000e+00	
399	1.500479e+01	0.000000e+00	
400	1.500575e+01	0.000000e+00	
401	1.500709e+01	0.000000e+00	
402	1.500866e+01	0.000000e+00	

Index   time            v3#branch       
--------------------------------------------------------------------------------
403	1.501138e+01	0.000000e+00	
404	1.501560e+01	0.000000e+00	
405	1.502402e+01	0.000000e+00	
406	1.504087e+01	0.000000e+00	
407	1.507457e+01	0.000000e+00	
408	1.514197e+01	0.000000e+00	
409	1.527676e+01	0.000000e+00	
410	1.554635e+01	0.000000e+00	
411	1.608553e+01	0.000000e+00	
412	1.688553e+01	0.000000e+00	
413	1.750200e+01	0.000000e+00	
414	1.750210e+01	0.000000e+00	
415	1.750230e+01	0.000000e+00	
416	1.750270e+01	0.000000e+00	
417	1.750300e+01	0.000000e+00	
418	1.750300e+01	0.000000e+00	
419	1.750300e+01	0.000000e+00	
420	1.750300e+01	0.000000e+00	
421	1.750300e+01	0.000000e+00	
422	1.750300e+01	0.000000e+00	
423	1.750300e+01	0.000000e+00	
424	1.750300e+01	0.000000e+00	
425	1.750300e+01	0.000000e+00	
426	1.750300e+01	0.000000e+00	
427	1.750300e+01	0.000000e+00	
428	1.750300e+01	0.000000e+00	
429	1.750300e+01	0.000000e+00	
430	1.750300e+01	0.000000e+00	
431	1.750300e+01	0.000000e+00	
432	1.750300e+01	0.000000e+00	
433	1.750300e+01	0.000000e+00	
434	1.750300e+01	0.000000e+00	
435	1.750300e+01	0.000000e+00	
436	1.750300e+01	0.000000e+00	
437	1.750300e+01	0.000000e+00	
438	1.750301e+01	0.000000e+00	
439	1.750301e+01	0.000000e+00	
440	1.750302e+01	0.000000e+00	
441	1.750304e+01	0.000000e+00	
442	1.750308e+01	0.000000e+00	
443	1.750317e+01	0.000000e+00	
444	1.750334e+01	0.000000e+00	
445	1.750367e+01	0.000000e+00	
446	1.750406e+01	0.000000e+00	
447	1.750444e+01	0.000000e+00	
448	1.750483e+01	0.000000e+00	
449	1.750521e+01	0.000000e+00	
450	1.750560e+01	0.000000e+00	
451	1.750597e+01	0.000000e+00	
452	1.750636e+01	0.000000e+00	
453	1.750674e+01	0.000000e+00	
454	1.750713e+01	0.000000e+00	
455	1.750751e+01	0.000000e+00	
456	1.750789e+01	0.000000e+00	
457	1.750827e+01	0.000000e+00	
458	1.750866e+01	0.000000e+00	
459	1.750904e+01	0.000000e+00	
460	1.750942e+01	0.000000e+00	

Index   time            v3#branch       
--------------------------------------------------------------------------------
461	1.750980e+01	0.000000e+00	
462	1.751019e+01	0.000000e+00	
463	1.751057e+01	0.000000e+00	
464	1.751095e+01	0.000000e+00	
465	1.751133e+01	0.000000e+00	
466	1.751172e+01	0.000000e+00	
467	1.751210e+01	0.000000e+00	
468	1.751248e+01	0.000000e+00	
469	1.751287e+01	0.000000e+00	
470	1.751325e+01	0.000000e+00	
471	1.751363e+01	0.000000e+00	
472	1.751401e+01	0.000000e+00	
473	1.751440e+01	0.000000e+00	
474	1.751478e+01	0.000000e+00	
475	1.751516e+01	0.000000e+00	
476	1.751555e+01	0.000000e+00	
477	1.751593e+01	0.000000e+00	
478	1.751631e+01	0.000000e+00	
479	1.751669e+01	0.000000e+00	
480	1.751708e+01	0.000000e+00	
481	1.751746e+01	0.000000e+00	
482	1.751784e+01	0.000000e+00	
483	1.751823e+01	0.000000e+00	
484	1.751861e+01	0.000000e+00	
485	1.751899e+01	0.000000e+00	
486	1.751937e+01	0.000000e+00	
487	1.751979e+01	0.000000e+00	
488	1.752028e+01	0.000000e+00	
489	1.752085e+01	0.000000e+00	
490	1.752155e+01	0.000000e+00	
491	1.752244e+01	0.000000e+00	
492	1.752365e+01	0.000000e+00	
493	1.752543e+01	0.000000e+00	
494	1.752844e+01	0.000000e+00	
495	1.753447e+01	0.000000e+00	
496	1.754651e+01	0.000000e+00	
497	1.757061e+01	0.000000e+00	
498	1.761879e+01	0.000000e+00	
499	1.771517e+01	0.000000e+00	
500	1.790792e+01	0.000000e+00	
501	1.829342e+01	0.000000e+00	
502	1.906442e+01	0.000000e+00	
503	1.986442e+01	0.000000e+00	
504	2.000100e+01	0.000000e+00	
505	2.000110e+01	0.000000e+00	
506	2.000130e+01	0.000000e+00	
507	2.000130e+01	0.000000e+00	
508	2.000130e+01	0.000000e+00	
509	2.000130e+01	0.000000e+00	
510	2.000130e+01	0.000000e+00	
511	2.000130e+01	0.000000e+00	
512	2.000130e+01	0.000000e+00	
513	2.000130e+01	0.000000e+00	
514	2.000130e+01	0.000000e+00	
515	2.000130e+01	0.000000e+00	
516	2.000130e+01	0.000000e+00	
517	2.000130e+01	0.000000e+00	
518	2.000130e+01	0.000000e+00	

Index   time            v3#branch       
--------------------------------------------------------------------------------
519	2.000130e+01	0.000000e+00	
520	2.000130e+01	0.000000e+00	
521	2.000130e+01	0.000000e+00	
522	2.000130e+01	0.000000e+00	
523	2.000130e+01	0.000000e+00	
524	2.000130e+01	0.000000e+00	
525	2.000130e+01	0.000000e+00	
526	2.000130e+01	0.000000e+00	
527	2.000130e+01	0.000000e+00	
528	2.000130e+01	0.000000e+00	
529	2.000130e+01	0.000000e+00	
530	2.000130e+01	0.000000e+00	
531	2.000130e+01	0.000000e+00	
532	2.000130e+01	0.000000e+00	
533	2.000131e+01	0.000000e+00	
534	2.000131e+01	0.000000e+00	
535	2.000132e+01	0.000000e+00	
536	2.000135e+01	0.000000e+00	
537	2.000139e+01	0.000000e+00	
538	2.000148e+01	0.000000e+00	
539	2.000166e+01	0.000000e+00	
540	2.000200e+01	0.000000e+00	
541	2.000204e+01	0.000000e+00	
542	2.000211e+01	0.000000e+00	
543	2.000225e+01	0.000000e+00	
544	2.000254e+01	0.000000e+00	
545	2.000312e+01	0.000000e+00	
546	2.000371e+01	0.000000e+00	
547	2.000449e+01	0.000000e+00	
548	2.000531e+01	0.000000e+00	
549	2.000651e+01	0.000000e+00	
550	2.000794e+01	0.000000e+00	
551	2.001022e+01	0.000000e+00	
552	2.001356e+01	0.000000e+00	
553	2.002022e+01	0.000000e+00	
554	2.003354e+01	0.000000e+00	
555	2.006019e+01	0.000000e+00	
556	2.011349e+01	0.000000e+00	
557	2.022008e+01	0.000000e+00	
558	2.043327e+01	0.000000e+00	
559	2.085964e+01	0.000000e+00	
560	2.165964e+01	0.000000e+00	
561	2.245964e+01	0.000000e+00	
562	2.250200e+01	0.000000e+00	
563	2.250210e+01	0.000000e+00	
564	2.250230e+01	0.000000e+00	
565	2.250270e+01	0.000000e+00	
566	2.250300e+01	0.000000e+00	
567	2.250308e+01	0.000000e+00	
568	2.250324e+01	0.000000e+00	
569	2.250356e+01	0.000000e+00	
570	2.250420e+01	0.000000e+00	
571	2.250548e+01	0.000000e+00	
572	2.250804e+01	0.000000e+00	
573	2.251316e+01	0.000000e+00	
574	2.252340e+01	0.000000e+00	
575	2.254388e+01	0.000000e+00	
576	2.258484e+01	0.000000e+00	

Index   time            v3#branch       
--------------------------------------------------------------------------------
577	2.266676e+01	0.000000e+00	
578	2.283060e+01	0.000000e+00	
579	2.315828e+01	0.000000e+00	
580	2.381364e+01	0.000000e+00	
581	2.461364e+01	0.000000e+00	
582	2.500100e+01	0.000000e+00	
583	2.500110e+01	0.000000e+00	
584	2.500130e+01	0.000000e+00	
585	2.500170e+01	0.000000e+00	
586	2.500200e+01	0.000000e+00	
587	2.500208e+01	0.000000e+00	
588	2.500224e+01	0.000000e+00	
589	2.500256e+01	0.000000e+00	
590	2.500300e+01	0.000000e+00	
591	2.500300e+01	0.000000e+00	
592	2.500300e+01	0.000000e+00	
593	2.500300e+01	0.000000e+00	
594	2.500300e+01	0.000000e+00	
595	2.500300e+01	0.000000e+00	
596	2.500300e+01	0.000000e+00	
597	2.500300e+01	0.000000e+00	
598	2.500300e+01	0.000000e+00	
599	2.500300e+01	0.000000e+00	
600	2.500300e+01	0.000000e+00	
601	2.500300e+01	0.000000e+00	
602	2.500300e+01	0.000000e+00	
603	2.500300e+01	0.000000e+00	
604	2.500300e+01	0.000000e+00	
605	2.500300e+01	0.000000e+00	
606	2.500300e+01	0.000000e+00	
607	2.500300e+01	0.000000e+00	
608	2.500300e+01	0.000000e+00	
609	2.500300e+01	0.000000e+00	
610	2.500300e+01	0.000000e+00	
611	2.500301e+01	0.000000e+00	
612	2.500301e+01	0.000000e+00	
613	2.500302e+01	0.000000e+00	
614	2.500304e+01	0.000000e+00	
615	2.500308e+01	0.000000e+00	
616	2.500317e+01	0.000000e+00	
617	2.500334e+01	0.000000e+00	
618	2.500367e+01	0.000000e+00	
619	2.500406e+01	0.000000e+00	
620	2.500444e+01	0.000000e+00	
621	2.500483e+01	0.000000e+00	
622	2.500521e+01	0.000000e+00	
623	2.500560e+01	0.000000e+00	
624	2.500597e+01	0.000000e+00	
625	2.500636e+01	0.000000e+00	
626	2.500674e+01	0.000000e+00	
627	2.500713e+01	0.000000e+00	
628	2.500751e+01	0.000000e+00	
629	2.500789e+01	0.000000e+00	
630	2.500827e+01	0.000000e+00	
631	2.500866e+01	0.000000e+00	
632	2.500904e+01	0.000000e+00	
633	2.500942e+01	0.000000e+00	
634	2.500980e+01	0.000000e+00	

Index   time            v3#branch       
--------------------------------------------------------------------------------
635	2.501019e+01	0.000000e+00	
636	2.501057e+01	0.000000e+00	
637	2.501095e+01	0.000000e+00	
638	2.501133e+01	0.000000e+00	
639	2.501172e+01	0.000000e+00	
640	2.501210e+01	0.000000e+00	
641	2.501248e+01	0.000000e+00	
642	2.501287e+01	0.000000e+00	
643	2.501325e+01	0.000000e+00	
644	2.501363e+01	0.000000e+00	
645	2.501401e+01	0.000000e+00	
646	2.501440e+01	0.000000e+00	
647	2.501478e+01	0.000000e+00	
648	2.501516e+01	0.000000e+00	
649	2.501555e+01	0.000000e+00	
650	2.501593e+01	0.000000e+00	
651	2.501631e+01	0.000000e+00	
652	2.501669e+01	0.000000e+00	
653	2.501708e+01	0.000000e+00	
654	2.501746e+01	0.000000e+00	
655	2.501784e+01	0.000000e+00	
656	2.501823e+01	0.000000e+00	
657	2.501861e+01	0.000000e+00	
658	2.501899e+01	0.000000e+00	
659	2.501937e+01	0.000000e+00	
660	2.501979e+01	0.000000e+00	
661	2.502028e+01	0.000000e+00	
662	2.502085e+01	0.000000e+00	
663	2.502155e+01	0.000000e+00	
664	2.502244e+01	0.000000e+00	
665	2.502365e+01	0.000000e+00	
666	2.502543e+01	0.000000e+00	
667	2.502844e+01	0.000000e+00	
668	2.503447e+01	0.000000e+00	
669	2.504651e+01	0.000000e+00	
670	2.507061e+01	0.000000e+00	
671	2.511879e+01	0.000000e+00	
672	2.521517e+01	0.000000e+00	
673	2.540792e+01	0.000000e+00	
674	2.579342e+01	0.000000e+00	
675	2.656442e+01	0.000000e+00	
676	2.736442e+01	0.000000e+00	
677	2.750200e+01	0.000000e+00	
678	2.750210e+01	0.000000e+00	
679	2.750230e+01	0.000000e+00	
680	2.750270e+01	0.000000e+00	
681	2.750300e+01	0.000000e+00	
682	2.750308e+01	0.000000e+00	
683	2.750324e+01	0.000000e+00	
684	2.750356e+01	0.000000e+00	
685	2.750420e+01	0.000000e+00	
686	2.750548e+01	0.000000e+00	
687	2.750804e+01	0.000000e+00	
688	2.751316e+01	0.000000e+00	
689	2.752340e+01	0.000000e+00	
690	2.754388e+01	0.000000e+00	
691	2.758484e+01	0.000000e+00	
692	2.766676e+01	0.000000e+00	

Index   time            v3#branch       
--------------------------------------------------------------------------------
693	2.783060e+01	0.000000e+00	
694	2.815828e+01	0.000000e+00	
695	2.881364e+01	0.000000e+00	
696	2.961364e+01	0.000000e+00	
697	3.000100e+01	0.000000e+00	
698	3.000110e+01	0.000000e+00	
699	3.000130e+01	0.000000e+00	
700	3.000130e+01	0.000000e+00	
701	3.000130e+01	0.000000e+00	
702	3.000130e+01	0.000000e+00	
703	3.000130e+01	0.000000e+00	
704	3.000130e+01	0.000000e+00	
705	3.000130e+01	0.000000e+00	
706	3.000130e+01	0.000000e+00	
707	3.000130e+01	0.000000e+00	
708	3.000130e+01	0.000000e+00	
709	3.000130e+01	0.000000e+00	
710	3.000130e+01	0.000000e+00	
711	3.000130e+01	0.000000e+00	
712	3.000130e+01	0.000000e+00	
713	3.000130e+01	0.000000e+00	
714	3.000130e+01	0.000000e+00	
715	3.000130e+01	0.000000e+00	
716	3.000130e+01	0.000000e+00	
717	3.000130e+01	0.000000e+00	
718	3.000130e+01	0.000000e+00	
719	3.000130e+01	0.000000e+00	
720	3.000130e+01	0.000000e+00	
721	3.000130e+01	0.000000e+00	
722	3.000130e+01	0.000000e+00	
723	3.000130e+01	0.000000e+00	
724	3.000130e+01	0.000000e+00	
725	3.000130e+01	0.000000e+00	
726	3.000131e+01	0.000000e+00	
727	3.000131e+01	0.000000e+00	
728	3.000132e+01	0.000000e+00	
729	3.000135e+01	0.000000e+00	
730	3.000139e+01	0.000000e+00	
731	3.000148e+01	0.000000e+00	
732	3.000166e+01	0.000000e+00	
733	3.000200e+01	0.000000e+00	
734	3.000204e+01	0.000000e+00	
735	3.000211e+01	0.000000e+00	
736	3.000225e+01	0.000000e+00	
737	3.000254e+01	0.000000e+00	
738	3.000300e+01	0.000000e+00	
739	3.000306e+01	0.000000e+00	
740	3.000317e+01	0.000000e+00	
741	3.000340e+01	0.000000e+00	
742	3.000386e+01	0.000000e+00	
743	3.000479e+01	0.000000e+00	
744	3.000575e+01	0.000000e+00	
745	3.000709e+01	0.000000e+00	
746	3.000866e+01	0.000000e+00	
747	3.001139e+01	0.000000e+00	
748	3.001560e+01	0.000000e+00	
749	3.002402e+01	0.000000e+00	
750	3.004087e+01	0.000000e+00	

Index   time            v3#branch       
--------------------------------------------------------------------------------
751	3.007457e+01	0.000000e+00	
752	3.014197e+01	0.000000e+00	
753	3.027677e+01	0.000000e+00	
754	3.054636e+01	0.000000e+00	
755	3.108555e+01	0.000000e+00	
756	3.188555e+01	0.000000e+00	
757	3.250200e+01	0.000000e+00	
758	3.250210e+01	0.000000e+00	
759	3.250230e+01	0.000000e+00	
760	3.250270e+01	0.000000e+00	
761	3.250300e+01	0.000000e+00	
762	3.250300e+01	0.000000e+00	
763	3.250300e+01	0.000000e+00	
764	3.250300e+01	0.000000e+00	
765	3.250300e+01	0.000000e+00	
766	3.250300e+01	0.000000e+00	
767	3.250300e+01	0.000000e+00	
768	3.250300e+01	0.000000e+00	
769	3.250300e+01	0.000000e+00	
770	3.250300e+01	0.000000e+00	
771	3.250300e+01	0.000000e+00	
772	3.250300e+01	0.000000e+00	
773	3.250300e+01	0.000000e+00	
774	3.250300e+01	0.000000e+00	
775	3.250300e+01	0.000000e+00	
776	3.250300e+01	0.000000e+00	
777	3.250300e+01	0.000000e+00	
778	3.250300e+01	0.000000e+00	
779	3.250300e+01	0.000000e+00	
780	3.250300e+01	0.000000e+00	
781	3.250300e+01	0.000000e+00	
782	3.250301e+01	0.000000e+00	
783	3.250301e+01	0.000000e+00	
784	3.250302e+01	0.000000e+00	
785	3.250304e+01	0.000000e+00	
786	3.250308e+01	0.000000e+00	
787	3.250317e+01	0.000000e+00	
788	3.250334e+01	0.000000e+00	
789	3.250367e+01	0.000000e+00	
790	3.250406e+01	0.000000e+00	
791	3.250444e+01	0.000000e+00	
792	3.250483e+01	0.000000e+00	
793	3.250521e+01	0.000000e+00	
794	3.250560e+01	0.000000e+00	
795	3.250597e+01	0.000000e+00	
796	3.250636e+01	0.000000e+00	
797	3.250674e+01	0.000000e+00	
798	3.250713e+01	0.000000e+00	
799	3.250751e+01	0.000000e+00	
800	3.250789e+01	0.000000e+00	
801	3.250827e+01	0.000000e+00	
802	3.250866e+01	0.000000e+00	
803	3.250904e+01	0.000000e+00	
804	3.250942e+01	0.000000e+00	
805	3.250980e+01	0.000000e+00	
806	3.251019e+01	0.000000e+00	
807	3.251057e+01	0.000000e+00	
808	3.251095e+01	0.000000e+00	

Index   time            v3#branch       
--------------------------------------------------------------------------------
809	3.251133e+01	0.000000e+00	
810	3.251172e+01	0.000000e+00	
811	3.251210e+01	0.000000e+00	
812	3.251248e+01	0.000000e+00	
813	3.251287e+01	0.000000e+00	
814	3.251325e+01	0.000000e+00	
815	3.251363e+01	0.000000e+00	
816	3.251401e+01	0.000000e+00	
817	3.251440e+01	0.000000e+00	
818	3.251478e+01	0.000000e+00	
819	3.251516e+01	0.000000e+00	
820	3.251555e+01	0.000000e+00	
821	3.251593e+01	0.000000e+00	
822	3.251631e+01	0.000000e+00	
823	3.251669e+01	0.000000e+00	
824	3.251708e+01	0.000000e+00	
825	3.251746e+01	0.000000e+00	
826	3.251784e+01	0.000000e+00	
827	3.251823e+01	0.000000e+00	
828	3.251861e+01	0.000000e+00	
829	3.251899e+01	0.000000e+00	
830	3.251937e+01	0.000000e+00	
831	3.251979e+01	0.000000e+00	
832	3.252028e+01	0.000000e+00	
833	3.252085e+01	0.000000e+00	
834	3.252155e+01	0.000000e+00	
835	3.252244e+01	0.000000e+00	
836	3.252365e+01	0.000000e+00	
837	3.252543e+01	0.000000e+00	
838	3.252844e+01	0.000000e+00	
839	3.253447e+01	0.000000e+00	
840	3.254651e+01	0.000000e+00	
841	3.257061e+01	0.000000e+00	
842	3.261879e+01	0.000000e+00	
843	3.271517e+01	0.000000e+00	
844	3.290792e+01	0.000000e+00	
845	3.329342e+01	0.000000e+00	
846	3.406441e+01	0.000000e+00	
847	3.486441e+01	0.000000e+00	
848	3.500100e+01	0.000000e+00	
849	3.500110e+01	0.000000e+00	
850	3.500130e+01	0.000000e+00	
851	3.500130e+01	0.000000e+00	
852	3.500130e+01	0.000000e+00	
853	3.500130e+01	0.000000e+00	
854	3.500130e+01	0.000000e+00	
855	3.500130e+01	0.000000e+00	
856	3.500130e+01	0.000000e+00	
857	3.500130e+01	0.000000e+00	
858	3.500130e+01	0.000000e+00	
859	3.500130e+01	0.000000e+00	
860	3.500130e+01	0.000000e+00	
861	3.500130e+01	0.000000e+00	
862	3.500130e+01	0.000000e+00	
863	3.500130e+01	0.000000e+00	
864	3.500130e+01	0.000000e+00	
865	3.500130e+01	0.000000e+00	
866	3.500130e+01	0.000000e+00	

Index   time            v3#branch       
--------------------------------------------------------------------------------
867	3.500130e+01	0.000000e+00	
868	3.500130e+01	0.000000e+00	
869	3.500130e+01	0.000000e+00	
870	3.500130e+01	0.000000e+00	
871	3.500130e+01	0.000000e+00	
872	3.500130e+01	0.000000e+00	
873	3.500130e+01	0.000000e+00	
874	3.500130e+01	0.000000e+00	
875	3.500130e+01	0.000000e+00	
876	3.500130e+01	0.000000e+00	
877	3.500131e+01	0.000000e+00	
878	3.500131e+01	0.000000e+00	
879	3.500132e+01	0.000000e+00	
880	3.500135e+01	0.000000e+00	
881	3.500139e+01	0.000000e+00	
882	3.500148e+01	0.000000e+00	
883	3.500166e+01	0.000000e+00	
884	3.500200e+01	0.000000e+00	
885	3.500204e+01	0.000000e+00	
886	3.500211e+01	0.000000e+00	
887	3.500225e+01	0.000000e+00	
888	3.500254e+01	0.000000e+00	
889	3.500300e+01	0.000000e+00	
890	3.500306e+01	0.000000e+00	
891	3.500317e+01	0.000000e+00	
892	3.500340e+01	0.000000e+00	
893	3.500386e+01	0.000000e+00	
894	3.500479e+01	0.000000e+00	
895	3.500575e+01	0.000000e+00	
896	3.500709e+01	0.000000e+00	
897	3.500866e+01	0.000000e+00	
898	3.501138e+01	0.000000e+00	
899	3.501560e+01	0.000000e+00	
900	3.502402e+01	0.000000e+00	
901	3.504087e+01	0.000000e+00	
902	3.507457e+01	0.000000e+00	
903	3.514196e+01	0.000000e+00	
904	3.527675e+01	0.000000e+00	
905	3.554632e+01	0.000000e+00	
906	3.608547e+01	0.000000e+00	
907	3.688547e+01	0.000000e+00	
908	3.750200e+01	0.000000e+00	
909	3.750210e+01	0.000000e+00	
910	3.750230e+01	0.000000e+00	
911	3.750270e+01	0.000000e+00	
912	3.750300e+01	0.000000e+00	
913	3.750300e+01	0.000000e+00	
914	3.750300e+01	0.000000e+00	
915	3.750300e+01	0.000000e+00	
916	3.750300e+01	0.000000e+00	
917	3.750300e+01	0.000000e+00	
918	3.750300e+01	0.000000e+00	
919	3.750300e+01	0.000000e+00	
920	3.750300e+01	0.000000e+00	
921	3.750300e+01	0.000000e+00	
922	3.750300e+01	0.000000e+00	
923	3.750300e+01	0.000000e+00	
924	3.750300e+01	0.000000e+00	

Index   time            v3#branch       
--------------------------------------------------------------------------------
925	3.750300e+01	0.000000e+00	
926	3.750300e+01	0.000000e+00	
927	3.750300e+01	0.000000e+00	
928	3.750300e+01	0.000000e+00	
929	3.750300e+01	0.000000e+00	
930	3.750300e+01	0.000000e+00	
931	3.750300e+01	0.000000e+00	
932	3.750300e+01	0.000000e+00	
933	3.750301e+01	0.000000e+00	
934	3.750301e+01	0.000000e+00	
935	3.750302e+01	0.000000e+00	
936	3.750304e+01	0.000000e+00	
937	3.750308e+01	0.000000e+00	
938	3.750317e+01	0.000000e+00	
939	3.750334e+01	0.000000e+00	
940	3.750367e+01	0.000000e+00	
941	3.750406e+01	0.000000e+00	
942	3.750444e+01	0.000000e+00	
943	3.750483e+01	0.000000e+00	
944	3.750521e+01	0.000000e+00	
945	3.750560e+01	0.000000e+00	
946	3.750597e+01	0.000000e+00	
947	3.750636e+01	0.000000e+00	
948	3.750674e+01	0.000000e+00	
949	3.750713e+01	0.000000e+00	
950	3.750751e+01	0.000000e+00	
951	3.750789e+01	0.000000e+00	
952	3.750827e+01	0.000000e+00	
953	3.750866e+01	0.000000e+00	
954	3.750904e+01	0.000000e+00	
955	3.750942e+01	0.000000e+00	
956	3.750980e+01	0.000000e+00	
957	3.751019e+01	0.000000e+00	
958	3.751057e+01	0.000000e+00	
959	3.751095e+01	0.000000e+00	
960	3.751133e+01	0.000000e+00	
961	3.751172e+01	0.000000e+00	
962	3.751210e+01	0.000000e+00	
963	3.751248e+01	0.000000e+00	
964	3.751287e+01	0.000000e+00	
965	3.751325e+01	0.000000e+00	
966	3.751363e+01	0.000000e+00	
967	3.751401e+01	0.000000e+00	
968	3.751440e+01	0.000000e+00	
969	3.751478e+01	0.000000e+00	
970	3.751516e+01	0.000000e+00	
971	3.751555e+01	0.000000e+00	
972	3.751593e+01	0.000000e+00	
973	3.751631e+01	0.000000e+00	
974	3.751669e+01	0.000000e+00	
975	3.751708e+01	0.000000e+00	
976	3.751746e+01	0.000000e+00	
977	3.751784e+01	0.000000e+00	
978	3.751823e+01	0.000000e+00	
979	3.751861e+01	0.000000e+00	
980	3.751899e+01	0.000000e+00	
981	3.751937e+01	0.000000e+00	
982	3.751979e+01	0.000000e+00	

Index   time            v3#branch       
--------------------------------------------------------------------------------
983	3.752028e+01	0.000000e+00	
984	3.752085e+01	0.000000e+00	
985	3.752155e+01	0.000000e+00	
986	3.752244e+01	0.000000e+00	
987	3.752365e+01	0.000000e+00	
988	3.752543e+01	0.000000e+00	
989	3.752844e+01	0.000000e+00	
990	3.753447e+01	0.000000e+00	
991	3.754651e+01	0.000000e+00	
992	3.757061e+01	0.000000e+00	
993	3.761879e+01	0.000000e+00	
994	3.771517e+01	0.000000e+00	
995	3.790792e+01	0.000000e+00	
996	3.829342e+01	0.000000e+00	
997	3.906441e+01	0.000000e+00	
998	3.986441e+01	0.000000e+00	
999	4.000000e+01	0.000000e+00	
